0 1 2 3 4 5 6 7 8 9 10 11 12 13 14 15 8 16 17 18 19 20 21 
22 23 24 11 25 26 27 28 25 29 30 31 32 33 34 35 36 37 38 39 40 
41 42 41 43 41 44 45 46 31 47 31 48 49 
50 51 31 44 52 53 54 
55 39 56 57 58 59 60 25 61 62 63 31 64 33 65 66 67 31 68 37 
69 24 31 70 71 27 36 72 31 73 25 74 44 45 75 76 11 57 77 40 
78 24 79 25 26 80 39 81 57 82 83 84 60 85 86 65 66 67 31 87 40 
88 24 31 70 71 89 36 72 31 90 25 74 44 45 33 76 11 57 91 40 
92 93 94 95 96 31 97 44 98 99 25 100 101 31 102 11 103 75 104 105 106 40 
107 108 109 110 111 112 11 44 113 114 115 60 85 64 116 39 117 118 119 40 
120 121 122 123 124 125 126 25 127 128 129 130 131 85 31 132 127 75 133 134 135 35 66 136 
120 137 4 57 138 139 4 123 140 141 27 142 143 31 144 145 146 40 
147 148 149 150 151 152 153 154 150 155 156 31 157 39 31 158 159 160 161 102 146 40 
162 163 158 164 165 166 167 109 168 11 169 113 106 170 171 172 33 173 174 175 40 
176 177 58 178 179 106 101 31 180 11 123 181 75 182 183 25 127 44 184 40 
185 186 187 188 16 189 190 191 192 193 194 195 196 108 197 198 199 
200 201 39 144 135 39 192 202 25 203 99 204 205 97 206 207 208 142 209 11 210 40 
211 108 109 149 16 151 152 153 142 102 31 157 25 212 31 158 164 4 213 55 214 215 40 
216 217 218 219 220 47 221 222 223 2 224 225 117 47 44 226 227 
228 229 230 231 232 39 233 234 99 235 27 236 85 144 64 116 34 237 87 38 238 40 
239 67 39 219 25 127 16 240 45 106 142 241 31 144 118 79 242 181 33 243 146 40 
244 24 31 70 71 27 245 85 57 36 205 72 31 90 25 74 45 33 76 11 57 77 40 
246 44 247 248 249 111 245 250 251 252 253 183 254 
255 256 44 257 258 259 260 
51 31 44 261 262 54 
263 148 116 264 166 265 34 192 68 39 266 170 60 85 267 146 40 
268 269 31 44 261 270 271 
272 44 273 274 274 275 31 276 185 277 170 278 2 192 279 57 127 280 281 282 33 2 80 31 283 284 214 285 286 
287 288 289 283 290 291 292 293 294 16 44 295 
296 297 39 44 275 214 11 298 299 
300 205 301 261 16 302 303 304 305 306 307 
64 223 2 35 66 268 308 31 123 309 44 310 
223 219 31 47 44 310 
311 123 62 312 99 313 171 314 315 316 
78 317 318 319 31 236 85 144 64 320 39 117 321 4 322 146 40 
323 41 118 16 324 325 
64 2 326 327 11 123 328 
329 330 269 251 331 332 333 334 39 335 99 25 204 336 337 205 338 339 
340 341 197 193 342 343 16 344 
300 205 44 345 346 98 347 348 
349 350 351 269 33 352 205 353 354 75 355 356 11 204 357 358 359 360 
361 362 363 16 364 365 366 367 368 369 370 371 372 373 374 
2 375 46 376 16 261 377 123 378 379 
380 381 311 123 62 312 99 313 171 382 315 316 
383 24 31 70 71 89 36 72 31 90 25 45 74 33 76 11 57 91 38 39 40 
384 327 11 25 385 386 106 318 319 31 60 85 64 8 387 116 39 117 97 321 4 388 40 
389 148 80 39 390 391 11 57 77 183 25 128 129 392 89 60 85 64 116 34 192 393 40 
394 229 395 24 11 25 26 27 236 85 144 64 116 34 237 68 39 99 396 146 40 
397 177 58 398 31 144 118 79 16 399 400 142 401 402 25 403 106 40 
404 67 39 405 123 406 407 106 11 15 118 182 183 16 399 400 142 401 408 
409 177 58 398 11 15 118 182 183 16 399 410 142 401 55 39 411 25 59 40 
394 67 39 412 413 31 329 25 414 415 327 11 416 417 106 40 
418 419 2 420 223 36 277 421 250 47 422 44 423 117 424 4 324 425 426 427 
33 170 428 429 430 16 
431 334 432 433 434 435 436 106 
437 31 438 439 440 439 441 439 44 439 442 443 
64 444 123 445 446 447 146 
448 449 450 300 451 205 123 44 264 
452 453 16 127 2 62 454 455 456 31 73 457 337 334 458 459 
460 177 461 60 85 11 25 61 62 462 4 123 322 34 232 450 31 393 80 57 93 463 464 
465 185 45 466 467 468 31 123 469 256 16 470 471 472 473 474 
475 44 219 123 476 113 477 
478 116 39 80 479 25 44 410 89 36 150 480 481 205 482 31 90 483 38 238 464 
484 475 485 11 150 476 113 486 60 85 25 487 33 34 35 157 37 488 39 192 136 
484 475 154 150 155 489 490 31 491 309 4 25 492 55 214 215 80 57 58 463 464 
493 494 495 273 496 123 44 261 497 33 498 499 500 501 183 502 503 
475 504 39 219 505 123 16 506 
185 507 508 250 31 509 79 510 511 274 46 509 
380 512 51 31 44 261 262 54 
380 512 50 51 31 44 52 53 54 
513 514 515 217 516 517 27 283 518 31 44 519 520 284 521 522 
437 31 44 31 523 118 524 123 525 526 
527 219 185 16 528 529 423 530 531 
532 117 31 47 533 31 123 44 270 534 300 535 297 189 449 536 270 537 
538 2 539 540 2 541 542 47 31 123 543 544 31 545 123 546 55 2 192 297 446 155 258 547 185 193 548 
2 549 185 44 550 170 551 552 
300 205 553 11 554 256 44 555 556 
557 148 275 31 558 11 235 558 258 164 153 559 95 560 561 31 157 39 99 123 562 464 
563 67 564 219 123 127 128 129 565 566 567 11 158 15 568 155 62 569 570 464 
108 44 278 571 572 
573 148 166 264 265 34 192 297 31 68 574 575 85 64 33 34 576 66 67 31 87 464 
577 177 578 31 579 566 25 127 128 129 130 567 284 580 214 581 570 146 464 
44 114 166 278 582 192 283 31 583 584 
300 205 44 585 586 587 98 347 588 
589 590 591 44 592 593 594 264 
595 596 371 496 123 44 261 516 
597 598 31 44 33 16 166 599 123 600 601 602 
109 57 603 16 164 207 604 605 496 606 607 193 254 608 609 2 420 2 117 31 610 185 16 611 
185 44 612 45 613 447 106 
614 334 185 44 261 615 616 242 617 57 618 
619 177 461 620 621 31 622 123 127 423 144 118 79 44 612 45 623 464 
44 624 604 99 625 272 626 270 627 
427 628 629 630 439 47 631 439 117 31 632 57 633 
634 635 636 637 638 639 640 44 519 520 371 641 284 521 75 27 60 250 642 183 643 644 459 645 
538 646 2 19 647 11 41 648 649 446 19 650 651 31 283 652 258 44 189 653 
654 655 25 127 128 129 392 570 566 446 567 11 158 15 568 155 62 569 464 
656 24 31 70 71 297 36 482 11 150 657 31 73 123 74 128 129 130 483 38 39 464 
658 327 11 123 376 83 379 64 
659 660 123 44 164 205 661 346 166 191 205 662 663 664 123 665 160 31 123 666 55 214 215 464 
667 177 668 99 44 189 39 192 297 145 95 560 31 669 31 110 111 670 671 34 672 464 
384 673 674 170 60 85 33 34 576 66 67 31 87 80 57 58 675 464 
676 148 34 576 198 31 144 118 524 25 677 89 28 25 29 678 31 32 278 34 192 36 679 
654 148 89 28 25 29 678 31 32 278 34 192 36 37 488 39 192 36 680 
380 681 676 148 34 576 198 31 144 118 524 25 677 89 28 25 29 678 31 32 278 34 682 
654 33 39 192 683 684 685 214 686 570 55 214 215 464 
687 300 688 284 689 2 690 691 79 457 130 126 185 692 33 273 693 31 185 694 258 123 695 
696 439 697 283 31 44 519 698 
699 539 700 250 31 16 261 427 701 702 
703 704 705 706 99 707 205 16 708 709 
710 711 705 638 16 712 713 
703 714 711 705 706 99 707 205 16 708 715 
716 219 717 123 44 718 130 719 511 
64 300 459 720 327 278 721 722 
723 11 25 724 725 726 11 16 189 258 164 153 559 683 214 727 31 157 39 464 
728 24 31 70 79 729 730 731 732 232 39 733 60 85 25 734 278 34 192 377 37 464 
654 177 461 318 319 31 60 85 64 11 25 61 62 414 4 123 322 34 232 450 31 393 464 
57 735 736 118 31 16 737 738 739 740 
741 192 742 44 519 743 
64 744 270 516 2 745 31 746 747 527 83 270 748 749 729 750 
751 752 739 57 753 2 47 754 123 44 152 466 
728 116 39 755 97 756 99 189 4 123 322 318 319 31 60 85 33 34 576 66 67 31 87 106 464 
64 2 757 758 185 128 129 130 759 446 760 761 2 237 80 762 185 763 764 765 766 730 767 2 768 
769 770 217 771 2 620 80 772 45 773 439 44 45 117 772 240 45 219 622 499 759 250 41 622 774 
394 148 89 28 25 29 678 31 32 278 34 192 36 39 33 775 39 776 464 
268 111 11 57 777 33 268 44 2 110 126 185 778 
779 421 529 45 16 45 44 45 780 45 781 782 45 783 251 784 183 336 423 
785 786 44 787 
788 67 31 144 135 564 655 123 127 16 128 129 454 566 446 567 284 580 570 464 
789 16 153 790 791 514 193 792 284 343 793 794 
597 44 795 44 787 
796 797 185 44 45 798 80 799 721 800 31 801 802 
803 804 805 806 807 808 809 810 31 811 812 813 814 815 11 816 336 45 817 818 
819 803 804 805 806 807 808 809 810 31 811 812 813 814 815 11 816 336 820 821 
822 803 804 805 806 807 808 809 810 31 811 812 813 814 815 11 816 336 823 824 
803 804 805 806 807 808 809 810 31 811 812 813 814 815 11 816 825 826 80 57 827 
828 829 830 16 153 44 831 771 185 670 832 833 41 505 701 834 835 836 123 261 837 838 516 2 837 839 449 771 780 106 
840 278 841 839 166 44 794 842 843 219 844 197 845 
846 11 847 848 142 97 44 849 850 123 309 4 25 851 852 853 136 
846 36 482 278 34 192 76 11 57 77 258 854 89 421 25 855 116 39 856 31 142 123 857 464 
64 858 66 465 57 859 31 123 44 98 427 860 
380 681 861 726 11 57 127 44 862 101 31 102 11 57 98 496 37 55 214 215 40 
863 864 35 558 11 865 169 248 205 97 204 98 11 866 867 25 164 169 248 868 869 16 712 870 
871 36 31 689 33 264 232 82 83 481 872 873 191 874 
875 876 877 878 879 880 881 877 882 883 
803 804 805 806 807 808 809 810 31 811 812 813 814 815 11 816 884 885 258 886 
380 887 875 876 877 878 879 880 881 877 882 883 
888 889 380 887 875 876 877 878 879 880 881 877 882 883 
380 890 803 804 805 806 807 808 809 810 31 811 812 813 814 815 11 816 336 45 817 891 682 
892 893 894 643 895 896 897 898 99 899 4 900 901 902 903 
380 904 888 889 380 887 875 876 877 878 879 880 881 877 882 883 
38 905 11 816 906 774 191 2 192 402 185 907 908 909 
499 183 816 910 61 911 912 613 123 913 914 300 915 916 688 917 918 919 183 918 920 921 
922 923 924 925 114 11 926 31 927 153 928 689 929 930 917 931 
380 890 803 804 805 806 807 808 809 810 31 811 812 813 814 815 11 816 336 45 817 891 682 
349 16 31 377 932 933 934 935 936 937 938 939 940 941 934 942 943 944 
945 123 946 376 892 947 99 948 949 950 951 952 953 954 899 4 955 75 721 956 957 
958 959 960 961 962 44 963 964 
965 966 34 748 15 437 111 721 214 967 730 968 16 969 970 
127 971 543 972 178 973 974 975 976 31 977 978 
979 229 980 151 981 982 62 671 983 16 984 166 11 985 62 986 146 40 
987 774 38 39 278 278 988 297 2 283 31 25 44 989 
93 94 60 25 61 62 63 31 64 33 65 68 39 4 57 990 
2 991 992 135 2 80 31 993 994 31 995 123 996 997 998 205 16 999 1000 638 1001 1002 1003 1004 1005 
1006 177 158 527 1007 1008 297 39 456 123 1009 183 123 82 83 84 65 1010 25 146 40 
64 185 1011 275 31 1012 1013 1014 31 185 44 1015 371 1016 197 377 250 99 123 1017 1018 1019 1020 1021 784 1022 327 
1023 148 34 620 154 1024 123 1025 450 1026 35 66 1027 31 505 57 1028 283 1013 1029 408 
1030 660 116 39 117 377 153 1031 99 44 240 45 1032 27 318 319 31 60 85 267 146 40 
380 1033 1034 219 16 1035 873 205 123 1036 33 1037 1038 1039 1040 111 31 499 183 123 1041 1042 2 144 1043 
1044 1045 44 278 1046 1047 701 
16 1048 1049 183 1050 4 1051 261 1052 
2 201 214 11 16 1053 516 1054 638 1055 1056 1057 1058 1059 1002 1060 1061 
1062 220 2 219 354 19 1063 4 1064 327 1065 1066 
166 16 984 1067 1068 62 1069 1070 300 109 1071 116 1072 35 402 1073 1074 261 19 533 278 2 1075 1076 1077 
1078 1079 1080 1081 11 44 31 279 205 1082 31 297 1083 62 1084 
44 1085 185 962 1086 1087 
1088 24 11 25 26 89 28 25 29 678 31 32 75 65 36 37 38 39 40 
723 44 519 520 
1089 1090 1091 1092 1093 1094 1095 284 214 1096 44 519 520 
1097 1098 371 27 641 31 44 519 520 284 214 1099 644 459 89 60 250 642 183 643 1100 
16 166 1101 1102 336 45 1103 1104 1105 1106 1107 1108 1109 1110 109 80 1111 794 
1112 1113 108 16 219 278 1046 1114 1115 511 
16 1116 1117 1118 4 1119 31 932 934 1120 1121 
1122 148 149 150 151 152 153 101 31 102 11 57 44 98 496 37 38 238 40 
380 1123 2 991 992 135 2 80 31 993 994 31 995 123 996 997 998 205 16 999 1000 638 1001 1002 1003 1004 1124 682 
2 170 1125 192 193 1126 1127 1128 1129 1130 2 117 1109 4 1131 699 192 377 250 99 343 1132 2 993 169 153 816 261 1133 
2 117 31 1134 185 44 45 1135 
1136 148 1137 1013 580 123 44 1138 39 192 1139 36 72 11 57 45 77 284 854 55 214 215 40 
1140 44 955 242 1141 1142 1143 1144 1145 1146 
767 2 1147 993 185 1148 1104 123 44 152 153 767 2 109 1149 446 33 47 31 123 206 1150 
1151 277 836 1152 275 1153 1154 1155 185 631 1044 270 
1156 739 11 1157 739 11 1158 371 739 11 1159 739 11 1160 1161 
759 498 41 44 1162 286 
504 1163 2 1164 80 44 153 16 261 114 1165 1166 135 1167 1168 250 421 123 1169 2 193 1170 780 701 
1171 148 150 155 156 576 377 4 1172 123 309 164 4 25 492 95 560 31 852 80 57 93 1173 
1174 116 197 192 283 1175 31 44 624 1176 284 1177 1178 439 2 192 543 111 1179 1180 2 193 192 47 543 544 126 1181 
1182 116 197 192 283 1183 31 44 624 1176 284 1177 1178 439 2 192 543 111 1179 1180 2 193 192 47 543 544 126 1181 
278 214 166 218 251 123 1184 1115 80 1185 1186 4 1065 2 375 1187 1188 1189 
1190 16 1116 1117 1118 11 934 1120 1191 
1192 300 459 1193 185 1194 1159 1195 780 155 62 362 278 1046 1196 
2 620 1197 123 16 189 1198 
44 45 74 516 185 1199 245 250 123 1200 183 1201 74 516 1202 516 1203 
1204 46 1205 47 90 44 45 1206 
44 1207 1208 1209 1210 1211 1212 1213 1214 1209 1210 1215 1216 1217 1218 
117 31 739 11 1219 1220 1221 31 329 185 44 47 1222 794 1223 108 278 1224 
160 220 192 95 1225 185 44 862 627 
1226 148 117 31 144 118 524 150 127 1227 128 129 392 27 560 31 1228 31 523 145 464 
1229 24 31 70 524 729 89 36 482 278 34 192 76 11 57 77 11 37 488 39 237 1139 136 
1229 142 97 816 1230 1231 16 1232 1233 11 847 91 38 238 464 
786 1234 1235 1236 44 166 279 205 214 1237 
46 1046 129 1238 1110 273 275 250 31 760 99 250 1239 2 1240 316 1241 1242 
1243 148 123 44 1230 232 449 1244 205 214 1245 39 192 560 31 150 155 489 852 31 144 123 136 
1243 1246 105 33 487 183 57 98 496 37 55 214 215 402 123 675 464 
264 39 1247 1248 256 44 164 638 123 1249 1250 1251 
1044 1252 738 16 245 250 158 651 220 11 1253 
1254 34 232 67 135 39 80 459 25 1255 776 110 111 1256 31 144 118 126 670 1257 
219 185 44 184 759 455 1258 1219 31 329 240 794 1259 1260 57 1261 
1262 148 24 31 70 524 729 730 731 1263 232 39 733 1264 214 1265 570 31 157 37 464 
1266 2 558 57 16 529 862 
1267 44 166 193 1268 1269 1270 106 
64 2 748 1168 1271 1009 1272 759 1273 31 93 1274 
1275 1192 1276 1277 917 44 611 
1278 108 166 16 1279 1280 346 1281 511 
1282 1283 193 117 185 114 30 16 519 736 1284 33 1285 25 1106 30 33 855 1286 
1287 191 1288 1289 2 192 329 1290 11 1291 638 1292 1293 1294 273 80 123 204 1295 705 
1296 567 123 1249 16 261 610 205 1297 1075 1298 31 329 185 337 1299 1300 
1006 148 89 28 25 29 30 31 32 278 34 192 1301 38 39 11 123 1302 464 
1303 148 110 111 25 1304 33 1305 142 1306 116 39 275 31 558 11 16 529 240 45 136 
1307 1308 1309 198 135 16 1310 28 1311 650 1312 683 185 1313 1314 198 135 
1303 153 1315 116 39 275 44 612 240 1316 55 214 215 402 123 675 464 
774 2 1317 16 1002 1318 1319 123 1320 1321 1319 123 1322 1323 
786 1324 1325 1279 250 1280 1326 627 
1327 148 19 25 45 1328 89 36 482 173 1329 1330 31 90 123 45 74 33 1331 11 77 258 854 464 
276 123 1332 1333 183 892 1334 1335 1336 1337 1338 1339 
1340 1341 937 869 797 44 33 1342 4 1343 786 1344 
892 127 1345 1346 1347 892 1334 1348 1346 1349 1350 1351 1352 1353 
1354 46 1355 118 192 2 154 1356 1221 189 190 11 
1357 1358 
1359 16 519 1284 1360 1361 66 1362 297 1363 250 158 1364 426 33 123 1365 183 1103 362 673 1366 146 
33 16 1367 250 123 127 1368 99 1369 33 2 1063 1370 1197 730 123 1371 232 1372 218 232 123 1373 869 1374 1375 
1376 214 166 57 1377 135 583 183 85 232 508 1378 64 
1379 459 1380 1381 33 1382 44 166 1383 439 1384 1385 33 1386 1387 
1388 163 25 1389 166 1390 27 283 867 1391 105 31 44 519 136 1392 
1393 1394 163 25 1389 166 1390 27 283 867 1391 105 31 44 519 136 1395 
1396 163 25 1389 166 1390 27 283 867 1391 105 31 44 519 136 1397 
1398 163 25 1389 166 1390 27 283 867 1391 105 31 44 519 136 1399 
1400 163 25 1389 166 1390 27 283 867 1391 105 31 44 519 136 1401 
1402 163 25 1389 166 1390 27 283 867 1391 105 31 44 519 136 1403 
1404 163 25 1389 166 1390 27 283 867 1391 105 31 44 519 136 1405 
1406 163 25 1389 166 1390 27 283 867 1391 105 31 44 519 136 1407 
1408 27 283 867 1391 105 31 44 519 1409 33 1410 873 1364 1411 327 705 1412 
1413 27 283 867 1391 105 31 44 519 1409 33 1410 873 1364 1411 327 705 1412 
1414 123 16 477 1415 1416 1417 
1418 41 1419 759 1420 57 44 1421 1422 1423 116 1424 1425 923 212 
300 205 44 164 1426 
1159 108 39 545 250 127 1427 1428 1429 198 1430 1431 
126 123 212 31 1159 1432 1433 1434 
300 205 1435 496 1208 1436 1437 
1438 620 1317 123 1439 1440 183 123 1441 1442 812 1443 16 1444 1445 1128 638 1446 276 39 1447 
1448 620 1317 123 1439 1440 183 123 1441 1442 812 1449 16 1444 1058 1450 276 238 1451 
1452 620 1317 123 1439 1440 183 123 1441 1442 812 1443 16 1444 1445 1128 638 1446 276 238 1453 
1454 620 1317 123 1439 1440 183 123 1441 1442 812 1443 16 1444 1445 1128 638 1446 106 1455 
1456 620 1317 123 1439 1440 183 123 1441 1442 812 1443 16 1444 1445 1128 638 1446 276 39 1457 
1458 1459 123 1439 1440 183 123 1441 1442 812 1443 16 1444 1445 1450 89 1460 1461 
1462 620 1317 123 1439 1440 183 1441 1442 812 1443 16 1444 1445 1450 89 1460 1463 
1464 1459 123 1439 1440 183 123 1441 1442 812 1443 16 1444 1445 1450 89 1460 1465 
1466 1459 123 1439 1440 183 123 1441 1442 812 1443 16 1444 1445 1450 89 1460 
1467 1468 1469 2 428 185 832 60 729 1470 16 519 682 185 114 1471 
620 1317 123 1439 1440 183 123 1441 1442 812 1449 16 1444 1445 1472 1128 205 1446 89 1460 1473 
1474 620 1317 123 1439 1440 183 1441 1442 812 1449 16 1444 1058 1450 89 1460 1473 
1475 620 1317 123 1439 1440 183 1441 1442 812 1449 16 1444 1058 1450 89 1460 1473 
1476 620 1317 123 1439 1440 183 1441 1442 812 1449 16 1444 1058 1450 89 1460 1473 
1477 620 1317 123 1439 1440 183 1441 1442 812 1449 16 1444 1058 1450 89 1460 1473 
1478 620 1317 123 1439 1440 183 1441 1442 812 1449 16 1444 1058 1450 89 1460 1473 
1479 620 1317 123 1439 1440 183 1441 1442 812 1449 16 1444 1058 1450 89 1460 1473 
1480 620 1317 123 1439 1440 183 1441 1442 812 1449 16 1444 1058 1450 89 1460 1473 
1481 620 1317 123 1439 1440 183 1441 1442 812 1449 16 1444 1058 1450 89 1460 1473 
1482 620 1317 123 1439 1440 183 1441 1442 812 1449 16 1444 1058 1450 89 1460 1473 
1483 620 1317 123 1439 1440 183 1441 1442 812 1449 16 1444 1058 1450 89 1460 1473 
1484 620 1317 123 1439 1440 183 1441 1442 812 1449 16 1444 1058 1450 89 1460 1473 
1485 620 1317 123 1439 1440 183 1441 1442 812 1449 16 1444 1058 1450 89 1460 1473 
1486 620 1317 123 1439 1440 183 1441 1442 812 1449 16 1444 1058 1450 89 1460 1473 
1487 620 1317 123 1439 1440 183 1441 1442 812 1449 16 1444 1058 1450 89 1460 1473 
1488 620 1317 123 1439 1440 183 1441 1442 812 1449 16 1444 1058 1450 89 1460 1473 
1489 620 1317 123 1439 1440 183 1441 1442 812 1449 16 1444 1058 1450 89 1460 1473 
1490 620 1317 123 1439 1440 183 1441 1442 812 1449 16 1444 1058 1450 89 1460 1473 
1491 620 1317 123 1439 1440 183 1441 1442 812 1449 16 1444 1058 1450 89 1460 1473 
1492 620 1317 123 1439 1440 183 1441 1442 812 1449 16 1444 1058 1450 89 1460 1473 
1493 620 1317 123 1439 1440 183 1441 1442 812 1449 16 1444 1058 1450 89 1460 1473 
1494 620 1317 123 1439 1440 183 1441 1442 812 1449 16 1444 1058 1450 89 1460 1473 
1495 620 1317 123 1439 1440 183 1441 1442 812 1449 16 1444 1058 1450 89 1460 1473 
1496 620 1317 123 1439 1440 183 1441 1442 812 1449 16 1444 1058 1450 89 1460 1473 
1497 620 1317 123 1439 1440 183 1441 1442 812 1449 16 1444 1058 1450 89 1460 1473 
1498 620 1317 123 1439 1440 183 1441 1442 812 1449 16 1444 1058 1450 89 1460 1473 
380 1499 1500 1501 1502 33 1503 1504 1505 631 1506 1507 1508 1509 
380 1510 620 1317 123 1439 1440 183 1441 1442 812 1449 16 1444 1511 89 1512 1513 
1514 109 31 36 4 31 123 1515 11 61 1516 60 85 1517 34 232 450 31 68 37 
1518 1376 148 123 124 125 126 123 127 128 129 130 131 85 31 132 127 75 133 134 1236 35 66 136 
1518 1376 137 4 57 138 139 4 123 140 141 142 143 31 144 145 38 238 40 
1519 148 1083 128 671 237 66 1520 1521 772 1522 27 1523 567 75 60 85 116 1063 1524 31 1525 146 40 
1526 67 39 198 150 1527 106 110 111 1528 11 118 1529 1530 40 
1156 1531 1532 197 836 467 1533 16 1534 53 41 1535 1536 192 1537 197 837 1538 467 1533 1539 
1540 123 309 1541 98 166 16 1542 1236 1543 205 1544 142 1545 11 150 1541 1230 496 39 106 40 
1546 148 123 127 128 129 130 613 1547 1548 1549 11 158 15 568 155 62 26 27 136 
1546 142 143 31 144 145 38 238 40 
57 1550 1551 4 123 62 1552 1553 1554 183 1555 62 4 1556 1554 183 1555 62 4 1557 310 
466 1558 183 1559 16 1560 106 1561 1004 1562 
774 278 1046 500 1563 1013 1564 232 450 11 16 1565 1566 1077 
757 31 1567 185 16 1568 917 293 1569 278 1570 627 
1571 31 250 514 913 1572 183 1573 278 1574 1575 44 1576 731 380 1577 380 1578 1579 1580 1581 198 57 1582 1583 
16 261 1584 1585 1586 4 1587 1119 31 1127 934 1120 4 975 1588 1589 
380 1590 16 261 1584 1585 1586 4 1587 1119 31 1127 934 1120 4 975 1588 1589 
16 261 1584 1585 1586 4 1587 1119 31 1127 934 1120 4 975 1591 
730 123 1592 16 1593 
16 261 1584 1585 1586 4 1587 1119 31 1127 934 1120 4 975 869 1594 
1595 1596 1597 869 1459 250 1598 1599 1600 
1601 16 1602 205 185 1603 242 57 1604 1605 975 1057 1606 1607 428 57 1608 1609 1610 1611 106 
1612 1613 519 1141 1142 166 1614 1615 631 736 251 1616 1013 336 1617 1618 1619 446 166 220 31 1620 
123 1621 1622 1613 1623 166 109 8 1046 8 1624 759 1625 1416 1626 
16 261 1584 1585 1586 4 1587 1119 31 1127 934 1120 4 975 1627 1628 
1629 1630 1631 44 1632 1633 1634 702 2 117 31 1134 185 45 1635 516 45 1636 794 
380 1590 16 261 1584 1585 1586 4 1587 1119 31 1127 934 1120 4 975 1588 1589 
329 1637 1638 1639 1640 205 193 1641 1642 1643 214 812 334 39 993 99 204 184 1013 1644 75 1645 1646 
1126 1647 1648 1649 11 1650 1651 183 1652 16 1653 1654 242 1651 126 1655 1656 1657 1658 1659 
1637 1660 269 1661 1662 1663 1558 11 204 1664 1665 349 1666 1667 1668 316 1241 
1669 232 39 485 11 57 44 98 4 1670 560 31 1671 31 157 37 55 214 215 40 
380 1672 1637 1660 269 1661 1662 1663 1558 11 204 1664 1665 349 1666 1667 1668 682 
380 1673 757 31 1567 185 16 1568 917 293 1569 278 1570 627 
1669 673 1674 106 318 319 31 60 85 64 11 321 4 322 80 57 58 463 40 
64 984 1675 126 1676 1677 1678 1679 1373 1680 33 1681 1682 1373 1683 108 297 2 261 99 574 
16 1684 1651 126 1647 1648 31 1685 16 1653 1654 242 1651 126 1655 1656 1657 1647 1648 1686 1687 
64 44 207 1688 109 1689 
380 1690 620 1317 123 1439 1440 183 123 1441 1442 812 1449 16 1444 1445 1472 1128 205 1446 89 1460 1691 682 
1692 229 106 89 283 31 16 519 736 1693 1694 1695 123 1364 11 39 106 
1696 1697 1694 170 545 39 1103 678 450 106 283 31 16 519 736 1698 33 1694 1695 123 1364 11 39 106 
380 1672 1637 1660 269 1661 1662 1663 1558 11 204 1664 1665 349 1666 1667 1668 682 
380 1699 1595 1596 1597 869 1459 250 1598 1599 1600 
1700 786 517 439 1360 283 31 44 261 1701 1702 144 25 44 30 439 644 1703 283 1694 1704 39 1705 
1706 166 446 158 1014 1707 1703 56 1708 99 204 337 1014 1709 
1710 163 2 193 80 1711 97 670 212 2 192 993 11 1712 1713 
1669 148 57 240 45 1110 1714 158 164 45 192 297 33 956 97 1715 153 169 248 35 66 1716 1013 25 261 136 
1669 114 1717 27 101 31 180 11 118 1718 146 40 
74 185 44 45 217 620 1719 1172 446 516 738 1720 15 516 465 127 499 106 217 
1669 170 47 31 97 44 98 917 25 855 31 329 123 1721 45 116 39 1722 1723 41 1724 11 343 31 343 976 99 25 164 45 40 
1725 283 31 16 519 736 1698 106 
64 11 191 300 1104 44 47 45 371 759 2 620 1197 218 192 154 123 240 45 1726 
1727 148 498 41 906 11 984 1728 89 545 25 29 678 31 32 11 85 31 1197 1729 
1730 1731 65 297 57 110 31 1695 135 123 1732 1733 166 126 242 1734 38 39 40 
1669 123 44 1721 45 166 57 240 423 108 109 28 31 32 33 65 329 4 171 31 1735 1736 146 40 
1737 150 1515 1738 1739 67 34 412 413 31 66 183 321 31 238 40 
1740 1741 205 127 1742 1550 1743 1744 613 170 1745 1746 126 1747 183 1748 1749 183 16 4 1750 1751 1752 
1753 1754 1741 205 127 1742 1550 1743 1744 613 170 1745 1746 126 1747 183 1748 1749 183 16 4 1750 1751 1752 
1755 1756 1757 503 197 275 31 283 31 44 153 780 
1758 1759 1364 1760 1761 1762 422 57 36 31 16 31 73 45 
1706 771 816 166 1763 8 1764 1416 193 93 11 1765 1766 334 446 1767 31 500 1768 532 219 1769 
380 1690 1497 620 1317 123 1439 1440 183 1441 1442 812 1449 16 1444 1058 1450 89 1460 1770 682 
1674 31 16 127 1771 1772 1773 
1774 148 89 283 31 16 519 736 1698 106 236 250 144 334 673 459 106 1775 
380 1690 1497 620 1317 123 1439 1440 183 1441 1442 812 1449 16 1444 1058 1450 89 1460 1770 682 
4 57 1776 218 1714 166 20 1777 1778 1779 108 166 185 16 1780 278 1781 46 166 135 1782 11 250 434 
1783 1706 148 24 31 70 524 729 166 264 265 34 192 297 31 68 574 60 85 25 734 278 34 192 87 464 
272 123 221 44 1784 
1785 1786 1787 1788 166 1789 1790 1791 1792 
16 1793 1794 982 1795 1796 1797 1798 1799 183 1800 166 4 123 1801 551 
1802 148 24 31 70 524 25 1803 19 123 164 1804 60 85 123 487 278 34 192 1695 116 150 1732 136 
1802 1733 166 126 123 1734 38 238 464 
494 1805 185 1806 516 1807 205 123 44 207 516 455 36 135 30 516 1808 282 1809 
1810 177 461 34 576 198 31 31 1811 31 39 670 155 671 39 192 297 99 204 1812 1256 464 
1813 1814 1071 106 89 283 31 16 519 736 1698 33 236 250 144 334 673 459 106 1775 
1815 655 25 127 128 129 392 566 446 567 570 11 158 15 568 155 62 569 464 
1816 170 1817 185 44 45 31 57 1818 127 1819 242 1820 1705 106 
1821 24 11 25 26 27 329 4 171 99 499 183 150 481 205 72 11 847 321 464 
1822 1370 420 1823 1824 123 16 164 1825 1826 1827 31 66 
272 39 204 11 1154 1828 1829 
1830 24 11 123 1831 31 1832 1833 183 150 1834 1835 1623 1836 412 1837 1838 126 136 
1830 248 1839 4 123 1840 101 31 102 11 1841 1623 496 37 146 464 
1842 1843 1844 1845 44 783 1846 
1847 1159 1848 1849 33 57 1608 1850 1851 1852 1853 99 1854 1855 759 1856 1857 730 1858 
1859 205 1860 16 33 1861 1862 205 1863 492 670 1864 1865 205 1866 1867 1868 135 1869 1870 1871 1872 701 
380 1873 272 39 204 11 1154 1828 1829 
64 2 56 1708 1104 185 44 1721 45 31 801 1874 1128 205 1875 155 
1706 34 576 198 31 377 39 1876 126 729 89 28 25 29 678 31 32 278 34 237 329 4 1877 464 
1878 1879 1880 242 1881 11 123 1882 106 192 283 123 1806 31 185 44 989 
1883 1884 16 261 1885 1789 166 242 1886 1887 1888 869 1889 1890 1891 1892 1893 
1894 44 519 1895 
1884 16 261 1885 1789 166 242 1886 1887 1888 869 1896 975 1897 1898 258 1899 
1900 148 2 192 1063 422 185 1103 205 97 16 207 15 1901 2 620 80 97 16 114 1701 
297 39 632 1902 1903 1904 1013 343 937 939 31 1756 937 1905 11 204 1222 1906 1907 1908 
1909 1910 218 185 44 1911 45 682 
1912 1884 16 261 1885 1789 166 242 1886 1887 1913 1914 812 1341 1915 1916 1917 
1918 89 283 31 16 519 736 1693 236 250 144 334 673 459 106 
456 334 34 1919 1920 516 1921 16 1922 1923 
1924 148 116 673 1524 31 491 25 423 620 1925 31 36 482 173 1329 1330 31 90 123 45 1926 464 
1927 1928 380 1929 1930 721 1931 1077 380 1932 456 334 34 1919 1920 516 1933 16 1922 1923 
1934 123 44 1013 185 1935 278 1936 1937 33 2 219 41 1938 272 446 1299 1939 1558 1940 278 281 1941 
1942 869 1943 1944 31 1945 1946 31 1947 1948 1949 16 1950 1951 126 1943 166 1944 682 1952 
1943 1944 31 1945 1946 31 1947 16 1953 
1954 1943 1944 31 1945 1946 31 1947 16 1955 
1943 1944 31 1945 1946 31 1947 16 1956 349 
1957 1944 31 1945 1946 31 1947 16 1958 
1959 1960 1271 1961 1962 1963 1964 843 1965 1966 916 1967 2 1968 278 109 44 1969 
1970 24 31 70 524 729 60 85 25 487 278 34 192 491 123 309 164 4 25 492 488 39 192 1139 136 
1957 1944 31 1945 1946 31 1947 16 1971 
1970 560 31 150 155 156 852 31 157 37 55 214 215 464 
380 1972 1959 1960 1271 1961 1962 1963 1964 843 1965 1966 916 1967 2 1968 278 109 44 1969 
1973 283 31 16 519 736 1698 33 236 250 144 334 673 459 106 
349 349 1974 349 1975 1944 31 1945 1946 31 1947 16 869 1976 1977 360 
1978 2 1979 31 1980 1806 371 2 1981 185 1982 1983 4 185 1984 627 1985 1986 1199 11 377 31 73 185 44 516 1987 516 
1988 1943 1944 31 1945 1946 31 1947 16 1989 
1990 1991 11 16 1053 516 638 1055 1056 1057 1058 1059 1002 1060 1992 
205 44 191 917 185 1993 418 1994 1995 1996 1997 730 1987 1998 1999 31 1997 499 536 
2000 2001 16 261 2002 82 312 99 2003 2004 
2005 2006 283 31 16 519 736 1698 106 
2007 183 123 44 207 925 2008 2 738 80 185 2009 123 2010 
1700 1379 278 16 33 44 519 166 123 600 1701 106 
217 428 1277 2011 31 2012 1155 123 2013 99 923 44 423 
2014 148 116 673 1524 31 491 25 423 170 36 482 31 90 74 33 1331 11 77 284 854 464 
2015 148 24 31 70 79 729 89 60 85 123 487 183 123 164 278 34 192 1695 116 150 1732 1733 166 126 123 1734 136 
2015 488 39 192 154 150 155 156 852 31 491 2016 1623 4 25 492 464 
1973 2017 498 158 1329 31 283 31 16 2018 170 173 135 106 
1700 278 2 173 123 16 253 183 123 44 2019 2020 2021 278 46 39 535 29 11 2022 
620 1197 108 1800 198 31 1801 205 44 1162 504 975 193 80 499 261 2023 
380 2024 205 44 191 917 185 1993 418 1994 1995 1996 1997 730 1987 1998 1999 31 1997 499 536 
2025 631 498 1432 44 2026 2027 380 2028 2029 2030 499 16 2031 
380 2032 2033 16 166 57 2034 1167 183 1435 170 198 46 780 166 2035 2036 
380 2037 2 1063 620 1197 108 738 2038 170 154 499 2039 1676 232 2040 600 2041 
2042 2 2043 2044 31 1503 2045 31 44 551 2046 31 632 111 1154 31 2047 205 2048 2049 
929 930 99 185 44 240 423 738 2050 31 283 1806 31 2051 
2052 2053 44 519 2054 2055 2056 
419 2057 2058 419 2059 2060 290 2061 2062 
2063 2064 89 283 31 16 519 736 1698 33 1694 1153 25 1009 4 11 123 1364 106 
278 2065 31 491 57 2066 16 1162 
2067 148 34 2068 2069 25 543 33 34 576 198 31 87 166 264 265 34 192 297 31 68 574 464 
16 2070 242 2071 31 1055 1056 1057 1058 2072 
2073 148 60 85 25 487 278 34 192 87 39 192 1139 154 150 155 489 852 31 157 25 1734 464 
2074 2075 2076 2077 2078 2079 2080 2081 2082 1712 2083 2084 380 1929 2076 2085 2086 2087 2088 106 2089 2090 2091 2092 16 2093 380 1932 2094 2095 2096 
16 1558 19 527 2097 
380 2098 16 1558 19 527 2097 
913 312 2099 2100 1615 1062 2101 511 380 2102 2103 38 2104 11 2105 16 463 446 19 2106 2107 
16 1558 19 1114 2108 2109 31 1062 2110 
2111 527 16 2112 2113 2114 33 2115 11 2116 1077 
16 261 1584 1585 1586 4 1587 1119 31 1127 934 1120 4 975 2117 
380 2118 16 1558 19 1114 2108 2109 31 1062 2110 
2119 2120 16 380 2121 2111 527 16 2112 2113 2114 33 2115 11 2116 1077 
514 2122 2123 64 108 201 39 2124 57 2125 2126 2127 11 25 2128 2129 2130 
1288 1063 57 2131 217 380 2132 446 19 2133 2134 2135 46 510 2136 31 2137 2138 273 232 339 2139 1273 31 39 2140 
2141 67 31 144 135 564 655 123 127 1227 128 129 454 566 446 567 284 580 570 464 
2142 229 2143 297 39 377 99 123 2144 2145 214 1265 570 31 157 37 644 2146 39 136 
2142 192 96 31 297 123 45 2147 95 683 2148 11 684 126 2147 55 214 215 464 
327 31 57 2149 169 113 207 205 1159 185 45 219 2150 33 31 329 57 77 376 2 117 31 47 533 31 123 261 2151 
2152 1394 16 519 736 1698 146 106 
2153 148 24 31 70 524 729 2154 775 85 123 487 183 123 169 2155 207 278 34 192 1695 150 2156 
2153 1733 166 126 123 1734 11 847 77 80 142 123 857 850 57 98 4 496 25 851 2157 464 
2158 229 2159 34 2160 25 2161 33 35 2162 31 123 1946 2163 38 238 
2164 205 2165 2166 516 1722 2167 44 264 516 1694 2168 39 516 
16 261 1584 1585 1586 4 1587 1119 31 1127 934 1120 4 975 2169 258 2170 
2171 2172 41 1711 
2173 445 183 2174 2175 2176 111 183 123 2013 99 1271 44 2177 2178 
380 2179 2173 445 183 2174 2175 2176 111 183 123 2013 99 1271 44 2177 2178 
380 2179 2173 445 183 2174 2175 2176 111 183 123 2013 99 1271 44 2177 2178 
380 2179 2173 445 183 2174 2175 2176 111 183 123 2013 99 1271 44 2177 2178 
2180 106 2181 89 283 31 16 519 736 1698 439 236 250 144 334 673 2182 106 
2183 232 39 319 427 1096 377 250 47 44 
2183 192 39 377 250 1325 205 2184 44 2185 2186 2 80 2187 
1884 16 261 1885 1789 166 242 1886 1887 1888 2188 258 2189 
2190 123 2191 2192 2193 316 2194 2195 
2196 739 2197 160 993 4 2198 185 44 166 2199 2200 2201 
2202 16 519 736 1698 106 
2 2203 154 185 44 410 193 293 33 2204 2007 334 2 154 457 2205 2 192 1919 205 772 2206 205 44 1162 2207 
16 1558 1275 2208 371 759 123 2106 2209 166 140 2210 4 1060 2211 516 2212 
2213 16 1558 813 2101 195 2214 2215 2216 258 2217 
2218 123 2219 934 1120 35 377 1134 123 2220 183 2221 300 2222 284 689 
2223 261 1015 219 2224 33 169 2225 44 39 275 154 839 153 197 275 31 154 2226 2227 
117 31 47 44 2228 422 127 423 
64 514 2229 1703 449 2230 123 377 2231 446 2150 185 45 983 2 19 2232 123 2149 2233 2234 1521 765 2235 
300 205 16 1630 98 347 2236 
2237 620 621 31 421 25 100 850 123 309 98 33 144 123 1246 1522 95 560 31 2157 464 
2153 38 39 2238 2239 318 319 31 60 85 11 25 61 62 414 4 123 322 34 232 450 31 393 464 
31 144 118 79 892 893 2240 33 671 27 2241 214 2242 2243 2244 31 892 1334 2245 
2246 117 31 47 31 44 1705 
2247 2248 27 283 2249 2250 31 44 519 2251 270 2252 
2253 2254 2255 57 2256 2257 916 620 2258 195 250 79 2259 116 25 499 183 772 2260 135 2261 242 44 31 80 57 2262 4 25 2263 
2264 39 144 46 2265 39 2266 198 44 2267 39 1534 2268 250 1063 41 2269 
170 459 2270 185 127 454 97 2271 2190 772 30 2272 316 2273 2192 2274 2275 
16 2276 2277 250 31 566 123 128 477 439 2 47 566 499 783 
2264 2278 2279 2280 2281 166 2282 2 193 144 57 2283 44 2284 
2264 786 2 329 446 503 1429 198 44 166 2285 4 1172 2286 2284 
300 205 44 2287 98 347 2288 
108 2289 1800 2290 2291 2292 1241 
535 422 1381 284 780 240 45 2293 2294 183 204 2295 1801 11 164 278 1086 1355 75 583 183 1310 2296 193 192 1980 1154 2297 
2298 2299 455 123 2300 66 123 600 8 2301 392 2297 2302 
1114 127 16 1569 2 2303 2304 
427 41 2305 730 1288 535 110 185 44 114 106 
2306 1220 183 2307 2308 4 2309 1241 316 2310 2311 2312 2313 
2306 1220 183 2307 2308 4 2309 1241 316 2310 2311 2312 2314 
2183 774 511 123 2184 44 166 279 2315 2316 
2317 2318 937 869 797 2319 1435 2320 4 2321 2322 2323 
2324 362 195 1220 2008 104 183 1884 2325 2326 11 16 261 99 2327 2328 2329 
2 1192 276 123 2330 316 2331 2332 
300 205 44 164 2333 
2334 2335 638 16 2336 638 1001 1002 1060 2337 
214 2338 2339 2340 1013 16 2341 2342 457 2343 4 2344 127 849 2345 2346 576 375 2347 2348 
191 34 192 154 16 164 31 1886 873 150 2349 45 1701 192 2350 
118 1013 123 16 2340 2346 2351 2352 2353 2354 
11 2355 2356 60 85 267 93 1558 2357 2358 
2359 2360 89 283 31 16 519 736 1698 106 146 
2361 2362 283 31 16 519 736 1698 106 1775 
380 2363 2361 2362 283 31 16 519 736 1698 106 1775 
2364 725 726 11 189 278 39 192 110 2365 1255 2366 2367 560 31 2368 11 2369 
2370 44 1062 220 2371 632 185 2372 335 2373 16 2374 197 1170 31 421 116 109 1538 2375 725 74 2376 2377 2378 2379 1538 
2380 2 219 2381 4 1159 293 33 780 1165 1165 108 278 2382 1165 
2383 67 564 655 123 127 128 129 565 566 446 567 11 158 15 568 155 62 569 570 
2384 148 123 124 125 126 25 127 1227 128 129 130 131 85 31 132 127 75 133 134 135 35 66 136 
2384 137 4 57 138 139 4 123 140 141 142 143 31 144 145 38 238 40 
2385 108 2386 106 110 111 1306 11 242 181 75 243 558 258 189 11 57 2387 569 40 
2388 116 673 2389 31 25 2390 410 2374 39 2391 47 31 2392 11 57 2393 2394 38 238 40 
567 219 2395 1013 2396 31 2397 205 16 1444 2398 2399 794 
2400 2401 4 2402 2403 1634 185 281 2404 1855 2405 422 44 45 2406 250 2407 33 2 2408 
2409 2183 658 34 297 80 1230 135 2410 279 2411 2412 560 31 1545 11 150 2413 183 1541 2414 40 
123 44 2415 2416 2417 278 2418 705 2419 
2420 57 2421 11 2422 869 2423 2424 689 198 116 39 275 31 66 499 2425 
2426 879 16 45 738 1980 2 420 2201 39 117 57 45 917 2427 153 2428 
2429 148 110 123 104 2430 75 487 183 57 44 98 496 37 560 31 150 155 156 205 102 408 
2431 2432 2433 2434 2435 2436 1013 1936 198 689 2437 
2438 1856 1299 192 1277 89 1980 1806 1013 123 44 164 205 2439 33 844 250 116 514 185 2440 153 123 2441 
2442 121 122 166 25 60 2443 57 44 164 205 2439 2444 27 236 85 144 116 264 166 265 34 192 87 146 40 
80 31 36 44 2445 334 2 1258 442 223 31 2446 2447 2448 
2442 109 31 2449 150 657 192 110 123 2450 746 11 37 89 36 85 205 72 11 847 2451 408 
191 2 80 195 183 214 2452 718 454 38 197 780 33 16 2453 2454 
185 1062 2455 99 16 2456 334 35 123 160 2457 2458 2459 4 2460 2461 
466 1159 160 2462 1655 33 2463 251 327 31 185 2464 2465 
843 170 2466 2467 2468 135 44 
64 2416 123 127 128 129 130 1767 99 2469 2470 198 123 1221 2471 282 31 110 664 2472 2473 
2474 89 283 31 16 519 736 1698 284 1177 106 2475 
334 197 1258 44 36 250 2476 
2477 1814 2478 89 283 31 16 519 736 1698 106 2475 
16 2479 2480 31 2481 16 1653 2482 2480 2483 31 2484 1013 2485 8 446 2486 2487 2488 
2489 44 2490 
64 459 446 2491 46 1234 219 278 1046 125 2492 
2493 2 620 80 44 261 2494 2 80 2495 2494 1360 
2496 1814 2478 89 283 31 16 519 736 1698 106 
2497 2426 80 39 2498 123 1014 169 248 2145 467 2011 31 1980 169 1013 158 1014 2499 136 
2497 2426 622 258 189 153 284 2500 2501 2502 1013 1014 11 847 2451 55 214 215 40 
2489 759 2 455 80 135 1015 4 1364 31 2250 283 2503 2 193 80 1358 
2504 2505 31 250 251 123 1245 759 2 532 2506 99 185 44 45 2278 
2383 660 123 124 125 126 25 127 1227 128 129 130 131 85 31 132 127 75 133 134 1236 35 136 
2383 66 137 4 57 138 139 4 123 140 141 297 142 143 31 144 145 38 238 40 
1993 1168 250 683 1271 47 44 439 362 135 843 2507 250 2508 295 2509 
2510 2026 1533 2511 219 2512 44 45 33 2513 423 1592 46 1 2 2514 31 632 1533 993 2151 272 272 2515 1296 295 
2516 2517 250 116 2 275 1134 31 44 2518 
2519 80 39 479 25 44 862 27 66 1071 31 36 85 205 72 31 90 446 2520 40 
535 422 57 127 44 261 114 2521 
2522 2523 2524 516 794 41 44 1310 
64 309 164 205 2525 2526 2527 2528 
116 39 232 2529 31 491 111 603 544 2530 126 2531 4 2532 439 1674 31 16 2533 2534 
35 2 318 118 2535 191 135 2 80 57 44 989 2536 
2537 2 1 118 2535 191 135 2 80 57 44 2538 2 170 2539 185 466 2540 524 457 82 914 2541 
2542 498 57 44 164 638 1208 2543 2525 2544 496 2545 2546 11 670 103 2547 560 31 2548 2549 
2 2550 2551 4 16 166 261 183 2309 278 2190 14 2552 261 183 2553 
2554 123 1096 2555 99 185 16 2556 205 457 127 2557 205 1001 2558 2559 
2560 2561 283 31 16 519 736 1698 106 
2562 116 41 499 2563 123 1806 123 207 35 632 2250 123 2564 109 422 57 2565 90 153 57 90 31 16 153 44 
2566 2567 89 283 31 16 519 736 1698 106 
2568 148 89 283 31 16 519 736 1698 106 146 
2364 148 236 85 2569 25 2570 2145 214 1265 2571 31 523 118 524 150 2572 55 214 215 464 
2493 229 2573 39 192 283 1806 31 185 2574 2575 44 2365 33 2576 377 39 545 123 1806 31 2417 136 
380 681 2429 148 110 123 104 2430 75 487 183 57 44 98 496 37 560 31 150 155 156 205 2577 682 
2578 148 34 2068 2069 25 543 33 34 576 198 31 1197 25 734 2579 60 85 278 34 192 87 464 
499 183 185 2580 1950 1271 2581 1961 2582 1118 4 44 261 516 
16 2583 516 2584 270 
2585 177 58 31 2586 89 421 25 100 110 111 123 1246 105 75 487 183 57 98 496 39 2587 464 
64 2 19 205 44 2588 2589 33 80 31 1801 811 2590 31 329 57 1471 108 738 39 170 1285 57 30 2591 486 
380 2592 2593 16 2594 992 2595 2596 2597 1615 199 844 25 1011 79 85 34 2598 
2599 148 446 767 66 1920 99 123 2600 2601 116 25 1524 31 2602 2603 170 36 482 278 34 192 68 37 464 
33 214 2604 166 2605 1694 329 123 16 324 2606 1279 250 2607 2608 
2578 34 2609 11 25 26 38 39 11 25 385 2610 4 2611 34 2612 135 564 2613 136 
2578 214 31 150 2614 65 187 1155 446 2615 2616 24 11 25 312 2617 33 38 39 11 2618 85 158 136 
2578 2619 31 1832 150 2620 80 57 58 463 464 
16 2621 127 2071 205 1055 1056 1057 1058 1059 2622 
2623 600 8 16 1539 
2513 45 75 44 45 99 2624 2448 
2599 673 674 318 319 31 60 85 320 11 25 61 62 2625 34 232 450 31 393 464 
2626 2627 2 36 16 
123 2628 183 62 166 2629 422 25 1057 2628 2630 205 150 127 1001 857 2631 
2578 673 674 318 319 31 60 85 4 123 2628 11 25 61 62 2632 34 576 66 67 31 68 37 464 
2 2633 185 2634 371 508 116 843 613 57 44 114 33 123 466 497 135 2635 1155 1271 2636 166 2009 33 2637 371 583 2638 627 
511 428 2639 33 2640 205 44 
2626 24 31 70 79 729 11 847 848 190 192 66 2641 205 150 849 39 192 36 482 136 
117 739 2197 16 44 109 2642 2643 
2626 31 1331 11 77 258 543 2644 1888 2645 55 214 215 464 
64 297 2 80 31 2646 
2647 730 123 1087 2648 2649 1964 499 166 44 294 689 116 283 31 293 294 780 117 205 2650 1060 2645 
2651 229 122 166 25 16 114 2652 2653 153 519 2654 
2626 148 27 66 2655 135 264 35 66 57 2656 1538 11 91 464 
2657 4 2658 2 117 31 801 99 2659 2 117 31 47 31 44 33 1134 185 203 2660 2661 2662 
2663 2 219 123 16 2664 2665 
2666 2667 1199 2668 2669 250 923 44 2670 
2671 771 44 2672 837 815 205 2673 420 284 2674 251 123 2675 2676 2677 2678 2679 
2426 2680 16 2466 85 2201 329 25 2681 31 36 33 2682 
2683 514 44 519 2684 
127 44 2685 106 2686 
380 681 123 2628 183 62 166 2629 422 25 1057 2628 2630 205 150 127 1001 857 2631 
356 11 16 336 75 240 1664 2047 75 2687 2688 505 57 2689 2690 45 334 39 2047 2691 2692 
699 183 1805 2693 44 1422 45 192 844 250 
2694 1539 2695 2696 626 2697 2698 2 2699 11 1159 2700 166 2701 
64 2702 45 925 80 57 336 2703 2704 439 2190 123 2705 2706 135 33 123 1721 862 
2 738 992 2 167 2707 2708 31 2709 1013 442 31 123 127 2710 123 2711 16 999 2712 170 2713 123 2714 183 123 2715 
748 1298 31 1472 123 2716 183 2483 1888 4 1159 759 1879 2 2717 123 1554 183 2718 4 16 2719 
16 2214 2720 232 5 2721 427 1013 2722 116 39 232 2723 1722 205 8 2724 205 2725 2726 
1288 2727 183 2728 689 2729 2730 1432 499 2731 2732 774 46 794 
99 2733 205 16 999 1000 2734 2735 2736 
2737 2738 187 111 11 16 2739 126 2740 2741 427 2742 2743 812 2744 11 2745 2746 2747 
2748 123 44 205 2749 192 297 123 2750 2751 
219 123 127 16 1568 477 2752 
2489 192 44 283 2753 31 2495 2754 
2755 2756 2757 1676 183 123 16 2758 2759 
2 620 15 2760 1271 2581 2761 2582 1118 4 44 310 2762 843 767 109 2763 85 437 2764 205 264 2765 33 2766 
2767 46 2768 278 197 539 2769 4 16 2770 2771 
2772 620 420 2773 2774 31 185 2574 2775 2776 39 1016 283 123 1806 31 185 2574 1852 44 2365 75 2576 545 123 1806 31 2417 
2777 2 2778 47 916 2779 185 16 477 2228 2334 
16 75 44 600 2780 
620 1147 31 279 185 44 2781 31 276 46 721 2 80 2554 2782 
1986 277 31 1168 116 1152 613 44 45 33 1152 170 2783 873 126 2417 1300 
2784 148 1394 89 283 31 16 519 736 1698 106 
2785 1814 2478 89 283 31 16 519 736 1698 106 
380 2786 380 2787 2788 127 16 189 454 218 1 2 2789 31 2790 214 2791 2792 
380 2793 380 2786 380 2787 2788 127 16 189 454 218 1 2 2789 31 2790 214 2791 2792 
380 2794 108 16 47 1134 250 2795 2796 278 2797 2453 
2798 283 251 123 1806 2026 185 1381 31 631 191 193 604 99 1994 2799 1806 2800 2801 2407 31 2802 106 
284 123 2460 183 123 2101 1071 1695 2803 329 205 2650 31 185 2804 866 183 1806 2026 44 519 1294 300 1689 191 2805 
2626 148 27 28 25 29 678 31 32 278 34 192 36 33 68 39 99 123 91 464 
535 113 1806 2026 185 44 1015 644 2 1258 2806 2807 185 1982 1994 2808 1532 2 1994 2661 31 154 2809 738 15 2810 185 2811 
466 44 371 191 1386 2190 2812 2813 
2153 148 264 232 41 2814 2815 31 2816 123 44 612 99 2817 336 868 560 31 2818 278 2819 
2153 192 523 118 524 123 44 2702 423 39 192 1139 560 31 2820 11 44 1721 423 464 
2599 148 89 28 25 29 678 31 32 278 34 192 36 33 68 39 483 146 464 
2578 39 2821 873 57 44 2754 39 232 57 2535 2822 2813 
2823 2824 2825 4 2826 2827 2828 
2541 146 160 126 123 2413 166 2400 2829 2830 380 2831 2578 39 2821 873 57 44 2754 39 232 57 2535 2822 2813 
2832 41 117 2833 44 33 16 164 192 1886 873 2834 
1062 2835 2 2836 205 64 2837 214 2835 2 655 499 1013 2838 2839 2840 
77 31 16 879 240 45 153 2184 45 153 2841 
2842 2843 2 2844 774 214 166 278 93 2845 108 16 251 1164 80 1940 2846 2847 2848 
2849 2562 148 166 264 265 34 192 297 31 2850 60 85 25 734 278 34 192 87 464 
2851 2852 2853 2854 2855 2856 185 2857 2858 166 1063 4 123 2859 2860 2861 
2862 760 1113 79 1271 2863 261 1828 33 1113 79 44 109 2699 265 79 2864 
2865 201 39 144 39 192 202 25 203 205 206 2866 75 189 8 2867 2868 31 2869 11 118 1025 106 464 
2585 177 461 422 1071 31 566 25 128 129 2870 95 560 31 570 33 110 111 123 134 136 
2585 33 181 183 44 1721 240 1222 170 1264 214 686 2820 80 57 58 675 464 
380 2871 2823 2824 2825 4 2826 2827 2828 
2872 2873 774 193 2874 2 620 2875 193 80 2876 
2877 658 39 192 2145 214 1265 2878 31 523 118 79 2239 80 57 58 675 464 
316 387 2879 31 1722 2880 2881 11 2882 2883 
201 2 691 46 721 2 2290 123 127 1427 130 1013 2884 2 1170 31 2885 2847 123 2886 99 2887 2421 170 31 329 123 1427 
375 123 127 16 2888 
2889 148 514 109 1534 2890 31 80 1819 523 46 31 558 11 44 2891 95 560 31 2892 55 214 215 464 
2893 24 31 70 79 729 89 1168 25 2634 31 28 1271 29 678 31 32 278 34 192 683 2894 464 
2895 38 39 11 25 2161 33 34 232 24 31 70 79 729 25 2896 232 2897 33 34 35 1285 25 136 
2895 2161 31 123 1946 2898 11 2899 38 238 80 57 58 675 464 
380 2793 380 2786 380 2787 2788 127 16 189 454 218 1 2 2789 31 2790 214 2791 2792 
2889 116 135 166 123 2900 39 192 725 104 44 519 2901 2902 2903 334 39 142 2904 
2889 422 1071 31 110 123 1304 33 1305 467 580 150 849 80 57 58 675 464 
1703 56 185 127 64 190 11 1318 2905 33 514 449 2906 33 2907 2447 2908 2909 
2910 1539 2911 514 517 705 185 1015 2025 166 44 519 2912 1360 
2913 24 31 70 71 89 36 482 31 73 25 45 483 77 192 66 258 2914 153 98 2915 2916 464 
380 681 2913 24 31 70 71 89 36 482 31 73 25 45 483 77 192 66 258 2914 153 2917 682 
300 205 44 2918 98 347 2919 
2920 148 38 39 11 25 677 116 514 2921 2922 153 2149 620 1925 31 36 482 11 91 464 
2923 2924 197 579 2 1170 195 2925 2 1170 195 2926 343 16 75 343 1386 278 2927 80 31 2928 195 183 2929 
2930 67 2931 219 123 127 128 129 565 566 446 567 11 57 568 155 62 569 570 464 
2932 655 25 127 128 129 392 566 446 567 570 11 158 15 568 155 62 569 464 
892 947 166 2933 613 57 2934 2935 2936 2937 75 118 956 2938 
2939 67 31 144 135 564 655 123 127 16 128 129 454 566 446 567 284 580 570 464 
380 681 2930 67 2931 219 123 127 128 129 565 566 446 567 11 57 568 155 62 569 2940 682 
892 1334 166 191 2941 127 2942 27 36 85 567 31 491 111 118 79 123 58 2240 75 2943 34 192 132 238 
2944 993 250 258 2945 2946 2438 2065 11 250 31 297 2947 771 2 80 31 632 2948 183 2949 2950 
380 2787 2788 127 16 189 454 218 1 2 2789 31 2790 214 2791 2792 
2951 185 16 189 114 205 214 2952 
185 2953 93 2954 166 20 923 466 44 45 2955 2956 183 2957 31 2958 2959 
2317 2318 937 869 797 44 33 1342 4 2960 2961 2962 
2963 2964 937 869 797 2319 1435 2320 4 2965 2966 2967 
380 2968 123 429 430 16 2969 380 2970 214 497 166 1184 2971 2972 
1288 268 47 44 2151 2973 31 422 1533 45 135 613 449 281 1926 2974 
34 232 449 2026 123 16 2975 264 166 41 117 11 39 31 1965 39 2976 1063 2977 
2978 108 109 329 57 44 1721 862 514 2979 31 158 164 45 759 99 1222 2980 142 180 11 2981 
2982 2832 658 39 192 1886 873 25 2983 1265 638 97 204 2984 523 118 75 850 158 164 496 2985 2986 40 
2987 229 2988 297 39 2989 31 622 25 44 45 153 279 57 261 989 60 85 64 116 39 117 2990 40 
759 126 123 670 212 39 644 2991 25 1106 33 25 44 1015 166 25 2992 2 297 2993 135 2994 2995 2996 
2997 660 89 60 85 64 116 264 166 265 34 237 1735 11 37 412 39 2998 57 2450 2706 16 75 790 40 
93 94 236 85 144 116 39 117 321 284 2999 31 267 402 123 3000 
3001 790 116 39 80 44 410 39 192 1886 873 2425 2503 
3002 123 193 212 576 66 116 39 80 16 2572 16 192 2914 3003 3004 126 25 3005 1104 57 83 1986 136 
3002 2881 927 3006 39 192 101 31 3007 11 118 328 38 39 40 
1924 123 261 192 110 11 39 536 270 39 47 44 33 1168 2848 110 11 39 33 897 3008 273 1071 377 39 499 
3009 2 170 428 185 1216 264 219 3010 
170 1258 442 1013 631 
1062 3011 362 20 185 1855 185 3012 3013 1817 31 3014 334 2 1986 1435 3015 111 446 19 1083 3016 33 185 3017 
64 192 2 760 185 1221 189 130 33 3018 1104 3019 
191 205 256 44 261 3020 3021 
3022 229 3023 116 39 80 655 123 127 2870 89 566 75 3024 1104 446 31 3025 3026 31 25 189 136 
3022 2620 11 118 2355 126 123 127 2870 89 142 143 38 238 40 
1081 11 3027 191 205 44 
622 16 169 1333 31 1134 3028 3029 3030 
3031 2374 3032 34 1695 242 16 3033 611 
3034 632 2349 33 283 250 2009 44 2018 3035 
3036 185 44 3037 3038 
123 3039 2 219 1013 185 1993 19 57 44 240 423 106 327 1993 
1110 44 2290 2808 3040 
380 3041 1110 44 2290 2808 3040 
3042 177 58 398 101 31 180 11 123 181 75 182 183 25 127 44 240 184 40 
3043 24 31 70 71 27 36 85 205 72 31 90 75 76 11 57 91 38 39 40 
3044 1394 89 283 31 16 519 736 1698 284 3045 146 106 
272 2667 185 261 108 219 772 57 1608 3046 2450 334 2 1164 15 80 135 3047 33 2 74 3048 272 39 44 
380 1690 1438 620 1317 123 1439 1440 183 123 1441 1442 812 1443 16 1444 1445 1128 638 1446 276 341 682 
791 16 261 170 693 31 185 60 79 185 3049 3050 3051 2207 
123 44 497 135 3052 39 1013 670 1800 1013 485 2370 219 41 154 11 250 516 
170 191 3053 3054 496 123 44 492 3055 278 3056 3057 3058 
380 3059 170 191 3053 3054 496 123 44 492 3055 278 3056 3057 3058 
64 2596 930 99 16 3060 1703 1185 2011 31 746 4 11 123 3061 1608 3062 759 532 1807 126 3063 3064 
3065 24 11 25 26 2154 28 31 32 75 65 3066 123 984 1733 31 29 3067 153 36 136 
3065 150 985 62 657 205 3068 3069 3070 11 847 2451 40 
300 747 380 3071 3072 275 31 3073 250 31 1845 790 2 1 3074 
380 3075 300 747 380 3071 3072 275 31 3073 250 31 1845 790 2 1 3074 
3056 1827 16 45 31 2012 111 183 3076 3077 
185 1009 166 3078 109 44 3079 
3080 3081 759 44 45 3082 3083 33 3084 449 3085 
2 80 3086 1013 44 198 11 3087 3088 3089 3090 3091 3092 3093 3094 3095 3096 3097 3072 4 2574 275 3098 705 
511 185 3099 1979 31 836 3100 759 836 44 511 3101 3102 
3103 673 3104 790 114 30 3105 
730 123 3106 780 33 44 189 3107 3108 4 3109 
3110 148 123 124 125 126 25 127 1227 128 129 130 131 85 31 132 127 75 133 134 135 136 
3110 35 66 137 4 57 138 139 4 123 140 141 142 143 31 144 145 38 238 464 
108 123 272 16 60 250 511 
185 466 3111 3112 64 3113 3114 3115 3116 3117 3118 
3119 148 166 264 265 34 192 297 31 68 574 60 85 25 734 278 34 192 87 464 
64 38 39 2438 721 11 25 321 33 3120 3121 
3122 3123 3124 44 45 3125 3126 3127 3128 786 3129 3127 167 3130 3131 3132 3133 
3134 24 31 70 524 729 116 39 117 848 89 36 482 278 34 192 3135 33 2914 446 11 37 464 
3136 11 25 724 725 726 11 16 189 258 164 153 559 560 31 727 31 157 39 464 
3137 67 31 144 135 564 655 123 127 1227 128 129 454 566 446 567 284 580 570 464 
1990 3138 3139 284 3140 3141 3142 3143 
3144 873 3145 672 3146 
3147 2 1134 11 3148 3149 123 3150 2 2514 11 123 45 2300 759 2 3151 154 44 
300 535 47 11 689 41 118 631 
3119 673 674 318 319 31 60 85 25 61 62 414 4 123 322 34 232 450 31 393 464 
3152 44 31 780 3153 
3154 748 421 3155 1806 99 250 567 31 1126 3156 3157 205 123 3158 33 41 118 1806 4 185 44 114 31 1980 3159 
3160 24 31 70 524 729 89 28 25 29 678 31 32 278 34 192 68 39 1876 126 25 3161 
3162 44 207 109 3163 
3164 34 232 126 3165 3166 3167 3168 3169 3170 
380 3171 3162 44 207 109 3163 
1105 3172 1110 109 2769 702 1071 116 34 3018 31 297 214 1275 3173 2370 371 214 166 3174 11 16 
3175 3176 3177 543 544 519 261 33 3178 3179 183 3177 869 3180 3181 3182 3183 
3184 3185 2 3186 3187 1 449 205 442 1013 3188 2813 3189 16 3190 613 1999 3191 
33 3192 16 109 3193 336 45 1103 126 2572 3194 33 439 2618 250 3195 3196 334 2 36 39 
1990 3138 3139 284 3140 3141 3142 3197 
3198 3199 3200 4 44 3079 3201 
64 327 11 123 3202 2 80 449 1986 123 422 57 77 106 123 3203 3204 3205 3206 446 118 3207 31 3208 794 
123 1801 11 123 16 164 205 3209 3210 166 3211 
3212 2 80 44 45 278 192 3213 3214 
1199 535 329 923 1961 44 45 516 1539 31 39 3215 25 3216 2634 3217 219 446 198 1062 2110 3218 3219 
3134 673 674 34 2612 123 2161 33 35 2162 31 123 1946 1733 11 2628 2899 402 123 59 464 
380 3059 170 191 3053 3054 496 123 44 492 3055 278 3056 3057 3058 
3220 2900 123 3221 3222 183 250 613 923 44 45 3223 284 123 164 207 
1990 3138 3139 284 3140 3141 3142 3224 
2596 99 123 44 497 126 123 3225 270 3226 
3227 3228 185 3229 205 44 3230 3231 3232 
535 1126 3233 3234 160 2101 334 2 80 185 44 184 
300 205 44 2048 3235 98 347 3236 
1990 3138 3139 284 3140 3141 3142 3237 
3238 67 39 219 123 127 128 129 565 566 446 567 11 158 15 568 155 62 569 570 464 
1136 177 461 170 683 214 1265 727 31 157 39 99 123 189 562 402 123 59 464 
3239 24 31 70 524 25 1803 166 264 265 34 192 297 31 68 574 60 85 25 734 278 34 192 87 464 
3240 892 284 3140 3141 3241 
3242 39 47 422 205 16 3243 
3244 219 414 2443 123 127 1227 128 129 392 95 560 31 143 31 329 25 3245 464 
3246 24 31 70 71 89 36 482 31 73 25 45 483 77 192 66 258 2914 153 98 2915 2916 464 
2495 336 3247 19 3248 205 3249 278 3250 38 3251 16 45 3252 250 123 3253 2495 232 278 535 70 185 3254 
170 201 57 3255 3256 31 123 309 44 2233 3257 185 3258 281 3259 3260 3260 3261 3262 
286 3263 185 44 3247 3264 3265 1536 31 3266 3267 3268 
3269 67 39 219 123 127 128 129 565 566 446 567 11 158 15 568 155 62 569 570 464 
3270 3271 31 297 446 258 44 3272 600 11 3273 3274 
1159 135 19 123 1062 3275 219 3276 3277 3278 300 3279 3280 
786 3263 2 219 57 3281 16 545 250 123 127 189 3282 
16 613 3283 185 3011 11 123 3284 2835 3285 300 3286 31 3287 
229 185 1009 166 3288 109 631 
41 3289 3290 41 2009 44 45 166 1139 4 185 3291 3292 185 626 991 329 97 3293 
3294 24 31 70 524 729 27 90 25 74 128 129 130 284 2500 72 75 34 192 76 11 57 91 464 
3295 116 25 1524 31 491 25 423 620 1925 31 36 482 278 34 192 3296 123 45 74 33 68 99 77 464 
3297 1676 183 85 193 80 44 45 701 
3298 16 33 44 600 1299 2813 3151 261 3299 192 154 97 3300 183 261 423 185 3301 45 166 44 109 689 2805 
3302 89 3303 3304 31 44 519 3305 106 362 1366 89 3306 57 3307 183 123 643 153 236 250 144 3308 1568 3309 
3310 929 3311 11 3312 3313 869 123 429 430 1159 8 3314 4 3315 3316 75 3317 183 3318 3319 
455 421 855 33 44 335 3320 106 
185 2681 532 3321 2706 44 916 543 3322 3323 
892 1334 576 198 31 2416 242 2556 33 1888 3324 4 123 1334 33 2956 123 1776 57 530 33 3325 59 1100 
485 11 57 3326 3327 3328 3329 135 166 500 126 3330 75 3331 123 110 111 123 3332 3333 3334 
738 3335 3336 41 3337 434 3338 869 3339 3340 3341 
3342 786 3343 1236 3344 3345 4 3344 3346 33 2 275 66 57 3347 3348 116 631 3349 197 836 3350 106 106 
3351 873 205 3352 31 297 861 910 44 45 786 3251 
380 3353 3351 873 205 3352 31 297 861 910 44 45 786 3251 
2 170 3354 3355 8 123 3356 183 44 164 207 3357 126 3358 3359 
3360 1986 1294 2 3024 2769 205 3361 1241 3362 3363 3364 3365 
3240 892 284 3140 3141 3366 
3367 3368 284 3140 3141 3369 
699 613 204 240 862 2 3370 117 377 99 3371 3372 3050 3373 3374 
3375 3376 3377 567 2 3378 730 192 3379 2630 116 2 1164 2258 8 4 3380 31 1681 1011 75 3381 3382 3383 1983 3384 
2 992 3385 3386 66 57 3387 248 2703 1154 3388 97 204 3389 
567 738 47 99 277 31 297 185 44 423 418 
170 3390 3391 123 1776 3392 166 3393 3394 269 11 123 195 3395 11 3396 2539 258 3397 1195 3398 75 16 336 3399 
3400 3401 116 2 856 169 113 258 3402 192 2 113 446 31 123 780 114 253 183 790 
205 123 3403 44 191 286 
1192 219 57 44 114 511 
300 205 44 164 3404 
3405 349 638 16 2711 1002 499 3406 
214 123 1049 2 2290 3407 1980 1806 1013 185 44 45 3408 
300 205 44 2588 2589 98 347 3409 
2 3410 1277 2 620 2103 3411 620 2103 144 99 185 44 611 
1990 3138 3139 284 3140 3141 3142 3412 
3413 3414 428 39 2045 533 31 123 44 3415 99 2138 3416 
2 621 3417 3418 185 1106 3419 44 765 3420 15 185 203 3421 3422 3423 217 3424 
108 455 123 16 1801 66 278 3425 3426 
3427 3428 3429 362 1715 123 3061 1662 2206 205 689 2516 690 3430 533 205 499 3431 75 116 446 1983 3432 843 3433 250 3434 
930 1065 446 35 193 66 3435 334 446 166 3436 4 3437 183 123 3438 446 3439 334 446 3440 123 3441 3442 
3443 3444 16 412 3445 2753 3446 1062 3447 33 3448 3449 614 3450 3451 79 135 11 3452 11 135 3453 
3454 3455 3456 3457 2 35 170 3458 3455 111 3459 511 
2 170 3460 44 33 1276 3461 3462 220 31 2569 2848 3463 3464 
3465 3466 1676 44 75 2495 519 3467 3468 1805 3469 11 251 135 564 3470 2417 
3471 3472 278 1355 2 1139 549 3217 217 44 3473 3474 
300 205 44 3475 346 98 347 3476 
123 3477 430 689 1083 3478 3479 3480 13 33 1950 3481 3482 284 3483 638 3484 3485 
2 170 3354 3486 8 123 3356 183 44 585 586 587 98 126 3358 3487 
300 205 44 585 586 587 98 347 3488 
3489 730 166 44 30 3490 
3491 3489 2190 918 30 11 44 536 270 
3492 245 250 25 44 3493 2 3213 
2301 3494 3495 1013 1750 3496 
3497 1539 3498 1209 3499 3500 205 1065 3501 39 232 205 1236 29 3502 
3503 245 250 25 44 114 1471 2 1168 3504 116 192 283 31 185 261 466 439 2 491 57 212 31 283 31 238 276 39 3505 
3506 3507 2 193 80 44 3508 236 250 1168 185 832 106 
3509 2 3510 123 3511 185 44 45 253 183 123 3512 423 278 3174 3513 516 3408 
185 2516 3514 185 44 423 3515 
3516 164 3517 843 2563 1676 185 780 33 3518 
64 2 539 3519 2 422 57 3520 3521 2 2047 3522 166 446 3271 109 31 545 97 3523 31 185 3524 
2661 31 2769 205 1677 2007 251 185 1806 2635 1155 185 44 45 371 33 135 45 166 99 185 2516 516 33 843 3525 245 446 31 250 516 
2 281 2290 123 127 16 189 130 3526 23 251 2539 31 3527 2607 123 1221 130 3528 166 3529 75 1259 3530 3531 
2 281 2290 123 127 16 189 130 3526 23 251 2539 31 3527 2607 123 1221 3528 166 721 1259 3530 3531 3532 
527 3533 3534 3111 284 689 3535 123 2421 166 3536 4 214 1819 258 3537 3538 
2301 127 3539 3540 442 3541 183 3542 3534 3543 
380 3544 2301 127 3539 3540 442 3541 183 3542 3534 3543 
380 3544 2301 127 3539 3540 442 3541 183 3542 3534 3543 
3545 2301 127 3539 3540 442 3541 183 3542 3546 937 3547 939 3548 3549 3550 457 3551 3552 
1190 2301 127 3539 3540 442 3541 183 3542 3534 3553 
3554 2301 127 3539 3540 442 3541 183 3542 3534 3555 
2301 127 3539 3540 442 3541 183 3542 3546 937 3547 939 3548 3549 3550 457 3542 3556 3557 
2301 127 3539 3540 442 3541 183 3542 3546 937 3547 939 3548 3549 3550 457 3542 3556 3558 
380 3544 2301 127 3539 3540 442 3541 183 3542 3534 3543 
3545 2301 127 3539 3540 442 3541 183 3542 3534 3559 
380 3544 2301 127 3539 3540 442 3541 183 3542 3534 3543 
3554 2301 127 3539 3540 442 3541 183 3542 3534 3560 
316 261 3561 3562 31 1127 3563 1120 3564 
197 3565 3125 499 41 44 419 47 3566 3567 3568 380 3569 3570 3571 3572 197 3565 3573 3574 47 136 3575 
272 272 272 270 160 1318 2211 41 2769 272 536 270 2 275 185 281 44 45 2250 3576 3577 270 185 1806 794 
892 3578 
380 3579 316 261 3561 3562 31 1127 3563 1120 3580 
16 127 3539 3540 442 3541 183 3542 3546 214 3581 135 19 3582 4 3583 166 123 466 183 3584 3585 
380 3579 316 261 3561 3562 31 1127 3563 1120 3580 
380 3586 1126 3587 3588 3589 316 3590 3591 3592 
2 170 3354 3593 3594 8 123 3356 183 44 205 3595 126 3358 3596 
380 3597 316 261 3561 3562 31 1127 3563 1120 3598 
380 3586 1126 3587 3588 3589 316 3590 3591 3592 
3599 500 3600 3601 3602 1013 104 341 466 3339 2781 1013 44 
3603 1275 2301 127 3539 3540 442 3541 183 3542 3534 869 3604 3605 3606 3607 
2301 127 3539 3540 442 3541 183 3542 3534 3608 258 2170 3609 
300 205 44 639 1000 98 347 3610 
975 178 16 127 3539 3540 442 3541 183 3542 3546 214 3581 135 19 3582 4 3583 3611 3612 
44 166 1808 3613 3614 4 598 123 1806 31 1386 
44 519 3615 3616 
3617 153 3618 572 3619 631 3620 
3621 44 519 3622 
1013 3623 2315 191 2 1980 3624 572 278 721 3625 44 1192 545 185 3626 
316 261 3561 3562 31 1127 3563 1120 3627 
3628 283 31 16 519 736 1698 236 250 144 334 564 3629 106 
300 205 16 1444 1058 347 3630 
2290 46 44 991 1980 193 1268 1757 
214 270 33 2 532 2460 873 1715 118 1615 2 767 3631 3632 2290 46 44 991 1980 193 1268 3633 
1159 3634 3635 3636 
3637 2044 892 3638 4 1310 3639 437 11 57 3640 3641 3642 110 446 111 126 3643 3644 
3645 44 624 3646 3647 
3648 2 420 39 2100 47 3649 3650 1168 3504 685 25 3651 1236 261 1152 3652 1159 1435 780 153 2280 
3653 3654 193 685 261 3213 261 3655 3656 44 2018 
380 3657 16 3658 3659 3660 3661 3662 3663 879 3664 3665 3666 3667 3663 3668 3669 251 3670 682 
3671 3672 3132 790 
3673 183 3674 192 3675 3676 759 34 1722 3677 4 2658 166 1432 1819 1532 219 195 689 499 166 123 500 499 1432 166 123 3678 
380 3679 3648 2 420 39 2100 47 3649 3650 1168 3504 685 25 3651 1236 261 1152 3652 1159 1435 780 153 682 
74 185 44 45 1705 1695 214 220 117 31 993 3680 3681 
3682 1435 3683 
3684 1539 759 166 446 3685 2 144 44 261 335 77 2375 780 2 420 3686 
730 3687 3688 2 192 1126 800 155 284 1104 185 44 45 759 185 2581 836 3689 116 192 2 275 1168 185 1199 1126 11 3690 3691 3230 
3692 3693 
3694 44 519 3695 1701 705 
46 1046 183 39 232 3696 31 566 123 127 16 189 130 2007 514 3697 3698 75 1781 3699 
16 166 2699 57 58 324 99 3700 3701 2 3702 375 214 499 183 57 3533 20 3703 3704 3705 
16 3706 116 39 297 109 3707 2 3708 3709 
3710 1879 3711 2 1168 197 123 16 2 261 130 197 80 123 499 198 57 410 1063 117 57 3712 31 297 1028 283 1701 
3713 855 3714 1990 33 44 897 
3715 1539 41 3716 46 3717 3718 33 192 1168 772 3719 31 1012 250 123 652 3720 3721 44 327 379 3304 3722 
3723 2453 214 1106 166 57 44 
380 3724 16 166 2699 57 58 324 99 3700 3701 2 3702 375 214 499 183 57 3533 20 3703 3704 3705 
1110 44 279 126 3725 
3726 3727 2 2290 214 3728 3729 3730 278 1433 3731 759 3732 3733 44 
380 3734 46 1046 183 39 232 3696 31 566 123 127 16 189 130 2007 514 3697 3698 75 1781 3735 682 
3726 191 3736 3737 3738 3504 2250 44 
892 937 805 3739 
316 261 3561 3562 31 1127 3563 1120 3740 
2301 127 3539 3540 442 3541 183 3542 3534 3741 349 
44 3742 3743 3744 3745 
1939 3746 3747 3748 535 47 31 44 33 283 1806 33 1126 3749 1234 3750 354 3751 2315 3752 3753 
3754 166 446 44 31 3755 3756 736 3757 3758 3759 3760 3761 4 214 3762 
3763 517 3764 250 3344 44 519 280 3765 
44 261 2082 3766 3767 3768 252 3769 3770 624 2365 1386 
3263 2 738 491 123 1086 44 
275 31 3771 111 730 166 214 3772 3773 3774 35 47 916 142 567 116 44 
116 193 498 57 44 496 185 3775 3776 
2 2076 31 3777 1806 1155 185 631 4 117 183 155 3778 3779 1180 2712 3780 700 250 47 1126 3781 2167 278 3782 3504 3783 
2 318 198 300 1715 1806 8 116 185 277 279 44 627 
300 205 892 3784 3785 
1710 3786 3787 1013 3693 
108 39 3788 1570 516 41 421 1982 47 2769 759 219 421 44 45 3789 270 3790 3791 
3792 1710 3787 2 80 41 3793 673 535 1568 446 1701 
3786 1710 3787 1879 3794 3795 1236 166 3796 11 39 31 261 1764 44 153 2299 
278 206 738 993 11 3797 3798 925 275 31 632 185 1613 410 278 2 56 31 47 297 1028 283 1013 185 1613 31 44 2365 
3799 44 624 3800 
380 3801 44 3802 
2 117 57 3803 31 558 11 185 44 3804 220 31 420 3805 
3806 297 2 80 31 632 57 3807 183 123 643 116 2 297 57 44 3808 
170 3809 57 3810 3641 3811 869 3812 4 1310 3813 2753 1310 3814 2030 19 3815 3816 3817 
3818 264 97 164 2866 11 44 4 214 3819 3820 123 309 499 166 205 123 2013 3821 3822 
3823 3824 3825 3826 309 164 166 205 123 2013 3827 730 3206 197 420 3828 995 251 123 212 2250 3829 
380 3830 3823 3824 3825 3826 309 164 166 205 123 2013 3827 730 3206 197 420 3828 995 251 123 212 2250 3829 
273 1817 123 1356 3831 
3832 1624 783 242 3833 278 108 109 2503 
3834 682 3835 3836 185 240 337 33 44 1139 2677 198 3837 3838 3839 499 1139 2677 627 
3840 3841 3842 217 2911 759 2 1164 420 3843 192 422 2603 41 44 45 3844 
511 1429 198 185 44 45 3845 57 3846 
1044 2 2777 123 3847 232 278 3848 1013 185 3229 31 44 2 3849 1060 3847 3850 126 3204 3851 2283 3852 
3853 3854 44 3855 106 
3856 3857 3858 496 3859 218 123 44 261 166 106 
3860 192 2 1126 3861 284 1104 3862 
3863 192 2 1126 3861 284 1104 44 3864 193 80 44 2811 
116 193 185 1993 245 250 185 44 45 3865 
380 3866 116 193 185 1993 245 250 185 44 45 3865 
380 3866 116 193 185 1993 245 250 185 44 45 3865 
3867 108 3868 44 33 16 164 3869 31 1134 31 155 413 31 3870 3871 
3872 3873 3874 3875 944 3876 3877 3878 1241 3879 3880 3881 3882 3883 
3884 197 47 44 536 380 3885 3886 123 309 3887 261 2 192 491 496 3888 1994 2 117 31 3870 1083 169 
3889 1209 3890 3891 3892 736 371 1209 3893 3894 44 335 33 855 516 3895 1209 3896 3897 
767 2 297 422 185 45 3898 1288 1341 33 2 1164 80 57 44 45 46 3899 1016 2 3900 
41 3901 2 620 292 3902 3903 767 2 297 422 185 45 3898 1288 1341 33 2 1164 80 57 44 45 46 3899 1016 2 3904 
3905 191 3906 108 3907 3908 31 245 3909 75 670 3910 3911 31 3912 3913 3914 3915 631 3916 3917 195 3918 
3919 148 39 192 725 3920 214 166 158 1102 3921 183 25 3922 3923 1236 166 3924 258 136 
3919 204 2945 3925 523 118 79 214 3926 3927 95 560 31 3928 55 214 215 464 
192 34 3929 214 3930 3931 2615 191 869 35 3932 702 2 420 300 4 3933 99 214 3930 3934 3935 3424 3936 2210 8 44 1805 3937 
3938 67 39 412 530 99 123 321 183 150 83 3939 3940 34 35 1010 25 327 31 3504 106 464 
3941 44 624 192 3942 449 
3239 229 3943 24 31 70 79 25 26 1016 39 28 25 29 678 31 32 136 
3792 631 3787 3786 1710 
3239 278 34 237 329 4 171 33 203 25 2161 3944 38 37 464 
3945 148 150 155 156 3370 66 3946 4 3947 25 3948 3949 102 146 464 
3950 150 155 159 156 35 66 3951 102 55 214 215 464 
2784 297 101 31 150 155 156 4 2628 11 123 309 44 3952 102 55 214 215 464 
3953 148 34 2068 2069 25 543 33 576 198 31 1197 25 734 2579 60 85 25 3954 278 34 192 87 464 
3955 297 101 31 150 155 156 4 2628 11 123 309 44 3952 102 55 214 215 464 
3956 300 1071 197 3957 3958 783 730 1016 197 631 297 3959 439 1279 3960 3961 
3962 148 39 237 36 72 11 57 45 77 284 543 116 214 3963 166 118 1782 11 37 853 39 3964 
3962 142 150 44 98 11 847 848 850 123 309 98 284 1104 3965 464 
3966 24 11 123 1831 31 1832 1833 183 150 1834 1835 1623 1836 412 1837 1838 126 136 
3966 248 1839 4 123 1840 101 31 852 11 1841 1623 496 37 146 464 
1710 759 2 620 420 44 192 283 31 780 1701 
3967 3968 44 1501 639 1260 31 975 543 1260 1722 3969 916 3970 3971 
3972 148 39 192 99 204 2572 95 101 31 3973 8 57 157 4 2951 873 123 3213 464 
380 3974 3905 191 3906 108 3907 3908 31 245 3909 75 670 3910 3911 31 3912 3913 3914 3915 631 3975 682 
3976 3977 148 39 192 725 20 57 44 3978 1316 110 111 123 3979 560 31 180 464 
3980 148 446 166 913 31 36 116 3981 3982 116 1524 31 297 446 205 214 220 39 192 28 85 25 29 678 33 136 
3980 34 35 329 4 171 99 39 4 123 3983 2154 545 31 32 464 
3984 148 39 192 1139 154 1105 62 31 283 3985 95 560 31 3986 11 3987 62 126 123 3988 464 
3989 2229 2 541 4 3990 3991 3992 205 3993 116 44 3108 2629 3994 3995 
3996 148 39 237 1139 275 31 3997 524 123 134 75 181 183 123 240 337 135 34 672 95 560 31 3998 464 
3999 24 31 70 79 729 89 36 482 31 73 25 423 77 192 66 258 2914 153 142 98 99 100 464 
4000 24 11 123 1831 31 1832 1833 183 150 1834 1835 1623 1836 412 1837 1838 136 
4000 126 248 1839 4 123 492 27 101 31 852 11 1841 1623 496 37 146 464 
3257 830 185 4001 632 185 44 
4002 148 11 158 847 4003 932 283 31 158 114 183 1432 261 135 166 4004 111 467 4005 126 57 1689 136 
4002 1558 4006 31 4007 123 1028 4008 1013 25 204 114 35 66 4009 31 123 4010 114 1318 136 
4002 1689 3062 4011 4012 446 35 66 4009 31 123 4010 114 2582 1689 3062 4011 464 
4013 148 116 39 80 549 25 44 4014 620 1925 31 36 482 33 150 62 481 35 68 37 464 
380 681 4013 148 116 39 80 549 25 44 4014 620 1925 31 36 482 33 150 62 481 35 4015 682 
4016 148 123 127 1227 128 129 130 166 4017 284 123 4018 4019 183 975 4020 8 446 4021 136 
4016 4022 718 75 57 4023 2300 135 4024 85 31 4025 1285 118 2450 671 4 123 496 136 
4016 322 34 55 31 1285 378 99 57 2100 62 312 33 38 39 11 4026 143 464 
4013 673 674 318 319 31 60 85 11 25 61 62 414 4 123 322 34 232 450 31 87 464 
