0 1 2 3 4 5 6 7 8 9 10 11 12 13 
14 15 16 17 18 19 20 21 22 23 24 25 26 27 28 13 29 30 31 32 28 33 34 20 35 36 
37 38 13 39 40 41 39 42 39 
43 44 45 46 47 48 49 23 50 51 40 52 53 54 13 10 55 56 57 58 59 38 33 60 55 61 
62 63 64 20 65 66 67 68 38 69 70 71 72 73 1 74 75 76 75 77 78 79 80 81 
82 83 84 85 86 40 38 87 88 30 89 90 91 92 93 94 95 96 
14 97 98 99 100 101 71 102 20 103 104 20 105 106 38 13 107 108 109 53 110 111 36 
14 97 98 99 100 101 71 102 20 103 104 20 105 106 38 13 107 108 109 53 110 111 36 
14 112 98 99 100 101 71 102 20 103 104 20 105 106 38 13 107 108 113 26 20 
114 115 116 74 117 13 75 118 57 119 74 10 33 60 75 120 61 8 121 122 
123 13 107 103 124 125 126 21 127 128 129 130 131 132 
133 84 110 111 134 103 123 13 135 136 137 108 1 138 139 140 
141 142 38 143 144 145 38 146 147 148 149 38 150 151 152 153 
14 154 141 142 38 143 144 145 38 146 147 148 149 38 150 151 152 153 
155 156 10 157 158 159 123 13 107 103 124 125 126 21 127 128 129 130 131 132 
160 161 23 38 162 163 67 164 165 1 107 166 108 167 168 123 13 107 103 149 169 170 
171 172 173 57 38 123 11 157 174 175 38 13 176 177 178 149 10 179 11 180 
14 181 182 38 183 165 184 13 14 185 186 20 108 187 
188 189 141 190 191 38 11 192 193 194 195 165 196 197 21 198 8 13 199 200 201 
14 181 182 38 183 165 184 13 14 185 186 20 108 187 
202 203 204 83 4 205 206 80 207 208 21 67 209 210 53 211 21 67 212 
213 84 214 215 20 216 217 141 218 30 219 220 221 222 84 204 13 40 38 223 1 224 225 141 226 
14 227 213 84 214 215 20 216 217 141 218 30 219 220 221 222 84 204 13 40 38 223 1 224 228 36 
14 229 230 53 231 232 233 234 235 75 236 161 13 237 238 
239 230 53 231 232 233 234 235 75 236 161 13 237 240 10 241 242 
171 8 243 244 196 134 245 90 246 75 247 4 248 184 249 20 250 251 252 253 254 255 141 256 75 257 258 91 259 
260 261 262 263 264 53 21 265 266 166 267 268 269 255 67 174 270 
14 154 141 142 38 143 144 145 38 146 147 148 149 38 150 151 152 153 
271 2 85 272 38 13 182 273 38 274 53 166 275 276 277 53 278 57 279 40 104 280 4 281 
282 141 142 38 143 144 145 38 146 147 148 149 38 150 151 152 283 284 
285 145 286 287 288 38 289 255 290 104 291 36 292 293 294 
295 296 297 230 298 299 10 67 300 196 301 75 302 38 303 304 67 13 305 306 
307 308 309 172 75 310 311 312 75 38 222 124 313 314 315 196 316 165 77 21 40 317 184 13 318 145 319 
320 13 321 322 276 323 119 324 325 326 327 141 328 250 329 330 331 75 332 333 334 40 335 336 246 145 38 337 
14 338 339 333 74 340 30 341 340 342 250 343 38 344 250 345 346 13 30 139 8 38 347 40 348 349 350 36 
351 166 352 230 23 157 23 38 42 353 354 355 134 57 4 356 357 23 358 13 359 360 
361 331 10 49 362 363 107 364 184 13 75 365 366 1 367 59 368 369 370 371 149 372 373 66 38 374 
375 376 377 23 204 13 134 103 38 378 379 44 380 381 382 20 38 143 383 8 38 266 384 12 75 385 75 386 
387 44 381 204 13 204 388 389 301 4 204 390 68 145 91 391 
14 392 361 331 10 49 362 363 107 364 184 13 75 365 366 1 367 59 368 369 370 371 149 372 393 36 
394 8 395 38 13 107 103 396 397 182 398 196 57 4 399 400 
14 401 394 8 395 38 13 107 103 396 397 182 398 196 57 4 399 400 
402 394 8 395 38 13 107 103 396 397 182 398 196 57 4 399 403 70 300 141 2 404 194 405 406 
407 408 141 409 410 49 194 411 311 200 412 104 413 311 414 38 415 416 119 417 23 38 13 119 418 
419 420 421 422 38 423 13 103 145 184 424 425 53 196 426 427 428 53 429 430 426 431 
432 433 256 205 434 8 11 149 141 435 177 145 436 437 38 255 438 439 279 440 
441 328 340 209 255 442 46 196 8 443 141 328 21 209 444 445 441 446 204 447 107 166 448 449 450 451 53 452 
453 53 329 454 20 108 455 456 1 74 75 457 458 68 53 13 459 
460 461 462 441 463 44 328 243 464 145 204 255 465 466 467 30 117 75 40 468 184 469 
470 38 471 472 473 474 85 408 30 422 75 38 40 359 475 53 59 408 38 476 23 38 255 336 57 38 477 478 479 
480 481 13 318 145 193 53 1 482 367 483 1 318 484 90 485 486 483 
487 488 2 85 489 38 490 23 13 491 492 493 494 59 1 495 496 497 58 498 72 499 40 
500 501 243 91 502 38 13 107 108 503 504 505 506 507 10 20 508 20 38 77 509 
510 511 512 513 75 38 514 515 516 517 518 13 519 79 196 75 315 337 520 521 522 119 367 523 
524 525 231 11 20 526 157 44 328 20 10 253 231 13 107 527 
528 525 53 1 40 275 422 53 386 529 44 530 531 38 532 533 534 13 535 536 230 8 184 516 
537 13 531 538 539 243 540 541 
542 13 359 543 20 38 143 544 545 546 
547 13 107 166 538 56 548 67 549 166 67 543 497 13 
550 167 75 551 552 53 553 554 13 90 38 555 1 556 75 40 557 
14 558 547 13 107 166 538 56 548 67 549 166 67 543 497 13 
559 13 560 537 561 8 38 562 563 1 103 4 564 
565 566 567 23 337 85 332 145 568 569 570 571 204 572 53 573 83 574 53 552 
575 230 576 23 38 577 44 578 579 580 447 199 2 30 38 581 582 437 38 583 
553 574 151 559 13 256 21 584 585 586 23 587 4 588 23 589 130 590 183 591 
14 592 553 574 151 559 13 256 21 584 585 586 23 587 4 588 23 589 130 590 183 591 
166 593 38 594 595 596 597 598 599 600 75 531 601 252 23 38 602 13 145 603 497 604 119 605 606 607 
14 608 609 610 184 31 611 20 21 612 613 614 615 85 474 71 67 616 13 328 155 38 617 618 619 36 
263 620 8 621 622 424 623 447 624 620 625 13 626 627 628 194 629 630 53 631 
14 632 166 593 38 594 595 596 597 598 599 600 75 531 601 252 23 38 602 13 145 603 497 604 36 
537 256 67 68 53 21 633 634 38 13 635 636 155 448 
38 637 20 21 638 639 165 640 49 641 23 542 355 620 2 642 643 141 644 628 75 531 13 645 145 646 
647 648 137 38 649 13 645 90 38 650 651 
14 652 355 224 653 404 75 346 13 645 654 289 57 4 655 656 657 658 659 660 
661 327 46 662 49 8 447 449 663 165 430 664 328 155 255 53 665 10 666 667 90 668 669 
670 107 38 506 183 4 13 199 86 178 422 405 38 379 355 38 236 20 671 672 673 547 674 675 10 676 
677 268 13 107 678 58 53 438 679 252 20 59 680 681 311 682 683 300 311 426 684 145 685 
686 687 688 38 689 20 690 141 74 21 31 691 59 692 243 693 449 694 165 38 11 20 461 366 255 
695 696 697 698 134 699 700 620 134 701 611 53 172 702 13 90 703 704 682 705 706 23 707 145 708 
13 448 120 8 194 586 709 1 38 80 710 23 204 183 176 177 
711 534 712 713 85 86 74 714 715 716 543 717 718 719 720 712 721 722 74 161 23 723 
38 724 507 75 435 20 725 288 726 645 104 727 165 38 728 507 20 340 729 196 730 731 20 732 13 267 733 734 333 735 
14 736 737 738 739 740 741 192 23 38 742 743 744 13 115 745 746 747 90 748 749 36 
750 134 751 119 752 753 744 614 754 743 743 740 192 23 38 586 755 756 757 13 758 145 759 
760 761 23 28 762 763 764 28 765 701 13 176 766 
767 768 769 770 176 771 86 772 44 773 441 13 774 775 776 777 734 778 75 779 21 91 
780 781 13 74 21 782 783 784 785 75 786 787 788 789 790 441 321 791 145 792 793 743 645 1 74 73 
794 300 795 134 405 346 584 796 311 134 103 797 798 149 38 423 13 799 130 10 145 184 800 801 
802 803 371 21 804 13 805 38 68 145 806 807 808 809 
810 157 38 811 53 13 107 812 258 141 74 68 119 813 21 814 90 220 815 327 141 722 531 119 599 722 328 75 40 383 119 816 
817 44 86 328 818 819 820 821 165 346 822 194 586 823 108 628 824 145 38 825 826 827 255 
828 829 149 75 328 422 145 830 26 199 2 831 832 255 
833 834 835 836 834 837 838 20 839 840 38 13 182 834 837 38 504 363 700 
841 13 842 124 843 844 473 2 845 846 149 847 848 408 531 849 90 184 822 4 38 841 194 850 
295 165 28 851 297 38 852 302 23 13 20 853 119 172 155 854 855 856 857 858 
10 859 305 860 861 20 166 862 90 863 90 864 865 866 75 867 868 869 130 53 870 38 871 90 872 873 
14 874 430 107 8 875 75 531 38 876 23 877 815 878 879 880 881 23 882 883 884 23 885 886 448 887 
14 888 14 889 890 891 892 23 893 894 277 895 13 896 897 898 53 899 900 
901 902 599 498 261 903 904 13 405 905 906 907 717 146 908 701 
14 909 713 562 75 562 819 8 23 38 143 13 145 38 910 911 371 912 531 21 67 822 90 913 
914 915 640 182 302 81 38 916 218 531 21 389 
917 918 48 8 919 85 367 21 920 921 149 922 57 75 923 924 493 543 925 493 543 814 53 493 543 277 327 926 253 13 
927 928 328 929 824 91 930 355 21 931 777 305 932 21 195 933 934 774 935 936 90 13 
937 84 1 938 38 939 1 45 531 743 940 38 941 23 430 38 77 119 91 8 93 40 942 13 943 
944 945 640 722 404 946 311 947 38 13 328 75 531 948 75 40 38 77 53 91 149 21 949 
8 38 950 951 742 252 952 145 231 953 172 954 57 955 956 957 48 958 182 21 959 40 819 38 960 255 
961 277 962 963 370 368 964 165 2 40 965 966 255 21 967 968 969 4 970 971 584 67 972 
14 973 961 277 962 963 370 368 964 165 2 40 965 966 255 21 967 968 969 4 970 974 36 
975 976 977 172 155 978 979 980 497 980 981 38 255 243 279 543 982 57 983 38 755 340 984 983 256 128 517 985 
14 973 961 277 962 963 370 368 964 165 2 40 965 966 255 21 967 968 969 4 970 974 36 
986 11 20 987 23 161 882 894 184 13 107 279 53 532 988 
14 989 990 44 30 248 991 992 627 71 67 993 13 107 994 688 1 995 162 8 93 996 
14 989 990 44 30 248 991 992 627 71 67 993 13 107 994 688 1 995 162 8 93 996 
997 349 998 13 103 987 369 999 167 1000 194 299 1001 
14 989 990 44 30 248 991 992 627 71 67 993 13 107 994 688 1 995 162 8 93 996 
1002 1003 1004 543 343 743 532 743 268 13 53 196 1005 1006 1007 
1008 196 1009 13 75 30 167 23 38 223 300 1010 20 1011 405 85 4 21 987 562 23 1012 
1013 243 1014 194 11 20 1015 178 405 38 13 1016 196 258 53 38 91 259 53 1017 
1018 1019 224 344 40 504 363 119 11 1020 224 311 682 1021 1022 104 1023 117 145 38 1024 90 13 75 1025 1026 30 1027 1028 
194 1029 75 1030 8 1031 53 1032 497 1033 75 1034 38 1035 38 232 12 75 1036 1037 311 1038 258 53 575 628 77 
1039 1040 232 1041 1042 1043 774 103 38 670 13 
1044 1045 1046 1047 53 1048 1049 58 1050 1051 53 13 1052 1053 1054 1055 20 1056 1057 68 53 699 
1058 640 1059 305 21 344 23 1060 85 1061 48 1062 90 13 75 1063 1022 1064 
1065 1040 1066 1067 320 882 40 170 255 1068 1069 85 157 642 336 1070 
14 1071 1072 13 40 149 1073 1074 1075 1076 44 1077 1 318 1078 145 38 1079 75 1080 134 1081 38 1082 36 
14 1071 1072 13 40 149 1073 1074 1075 1076 44 1077 1 318 1078 145 38 1079 75 1080 134 1081 38 1082 36 
14 1071 1072 13 40 149 1073 1074 1075 1076 44 1077 1 318 1078 145 38 1079 75 1080 134 1081 38 1082 36 
14 1071 1072 13 40 149 1073 1074 1075 1076 44 1077 1 318 1078 145 38 1079 75 1080 134 1081 38 1082 36 
14 1071 1072 13 40 149 1073 1074 1075 1076 44 1077 1 318 1078 145 38 1079 75 1080 134 1081 38 1082 36 
1083 145 28 1084 1085 1 321 1086 21 1087 8 13 90 1088 184 562 1089 8 21 91 996 1090 
11 20 21 1091 1092 1093 38 1094 1095 318 38 347 743 1096 53 13 1097 305 1098 75 1099 38 1100 1 77 177 
1101 788 74 75 178 405 355 311 2 791 75 21 266 1043 21 1102 252 8 252 822 1103 90 1104 13 
14 1071 1072 13 40 149 1073 1074 1075 1076 44 1077 1 318 1078 145 38 1079 75 1080 134 1081 38 1082 36 
14 1105 38 613 11 172 1106 506 1107 1108 504 363 172 1109 13 328 1110 75 30 205 1111 
44 474 1112 645 1113 1114 20 21 498 1115 1116 90 986 446 1043 1117 627 204 13 75 38 1118 1119 
84 38 13 53 68 2 73 1120 53 1121 38 1122 2 1123 130 205 1124 
1125 21 1126 741 1127 1128 1037 1129 916 1130 547 1131 107 1132 83 53 692 182 21 193 8 38 930 
38 1133 13 107 103 124 125 130 38 1129 1134 1135 1136 346 1137 117 90 1138 1139 8 93 1140 548 
14 1141 38 1133 13 107 103 124 125 130 38 1129 1134 1135 1136 346 1137 117 90 1138 1139 8 93 1142 36 
231 1143 1144 74 75 40 1145 204 13 1146 349 1147 
1148 1149 90 38 1150 13 75 118 57 104 30 1151 
141 74 75 1152 49 23 10 305 38 13 1153 1154 1155 40 145 38 1156 497 1157 1158 1159 
1160 1161 104 1162 1163 819 38 1164 1165 1166 1167 13 2 531 139 119 311 543 448 405 1168 
762 13 107 1169 230 194 1170 166 300 640 235 75 76 57 8 1171 1 367 21 279 1172 93 1173 1174 1175 
1176 13 1177 1178 1179 1180 217 21 1181 75 38 1182 1183 1 328 75 1184 90 627 1185 1186 21 996 1187 
44 535 300 13 1188 1 1189 149 1 1190 21 40 300 1 142 1081 1191 449 21 1143 1192 21 1193 1194 
1195 1196 1197 91 1198 1139 75 38 1199 1200 1201 1202 1203 373 305 1204 1205 1206 982 967 23 255 
14 1207 1208 107 108 1209 547 255 1210 1211 20 166 252 1212 378 274 1213 305 21 279 996 
14 1207 1208 107 108 1209 547 255 1210 1211 20 166 252 1212 378 274 1213 305 21 279 996 
14 1214 86 531 1215 1216 13 107 1217 365 133 20 713 258 405 38 1218 1219 44 404 21 368 1220 11 1221 
1222 13 182 103 1223 1224 531 1225 697 
1226 13 103 167 23 184 1227 59 1228 905 1229 75 115 840 38 825 23 365 373 165 1137 243 1230 1231 
1232 85 2 1233 184 63 53 255 1234 1235 288 85 1236 
14 1237 1232 85 2 1233 184 63 53 255 1234 1235 288 85 1236 
14 1237 1232 85 2 1233 184 63 53 255 1234 1235 288 85 1236 
157 204 13 142 538 1149 755 1238 1239 182 31 
1240 1241 141 1242 38 1243 232 75 831 367 21 1244 1245 38 69 53 13 145 373 53 336 38 68 1246 
1247 1248 1249 44 1224 531 1239 75 645 57 38 13 349 
1250 1251 265 184 143 1252 1253 408 73 204 255 265 184 143 741 192 1254 408 73 1255 115 1256 
612 1257 1258 110 1259 134 8 38 1260 1261 145 21 1262 1263 1043 13 645 405 1264 1157 1265 
1266 11 103 1199 13 1267 819 1268 1269 1270 1271 1272 53 1273 
1274 1275 135 531 448 23 196 1 426 4 1276 83 21 1277 53 166 1278 1279 
1280 1281 1282 346 1283 1284 1285 1286 38 40 4 346 1287 53 1137 1288 1289 90 1290 1291 1292 340 13 
1293 404 276 38 755 340 543 961 13 107 21 638 1294 75 38 1295 1296 1297 
44 381 38 1298 1299 953 363 1224 1300 1301 819 1302 255 
1303 44 474 355 44 593 627 1302 11 1132 1304 165 268 13 107 526 
1302 11 20 205 1305 75 157 23 701 1306 510 44 1224 30 1307 305 184 13 
1308 172 1309 743 67 107 1310 1311 628 75 645 38 961 13 220 1170 
14 1312 44 381 38 1298 1299 953 363 1224 1300 1301 819 1302 255 
1313 1314 104 166 1315 1 1316 75 531 145 193 75 367 543 1317 44 1318 38 13 107 108 1319 
1320 74 75 1321 75 1322 30 49 13 145 75 1184 547 1323 1095 107 1324 
14 1325 426 819 1326 1327 145 1328 1329 134 252 23 38 825 13 405 1330 1331 420 1332 
1333 1334 1335 1 107 54 53 408 433 1336 21 1337 1338 337 4 10 1339 138 11 23 1340 1 1341 1342 57 117 13 
14 1343 1344 85 142 75 331 268 762 13 167 1239 359 523 1345 1346 
199 904 13 1347 1348 145 1349 193 93 1149 53 1110 1128 40 38 274 145 38 1350 
1351 68 107 1352 1353 166 120 923 13 145 1239 236 1354 
774 331 231 1355 1249 44 1224 1356 252 23 38 13 1357 1358 
44 474 395 204 13 40 930 1359 
1360 819 205 1361 11 4 1361 183 1362 53 1363 1364 13 53 1365 1366 
1367 11 1368 53 640 1369 1370 1371 12 346 1372 1373 1213 53 1374 59 435 157 38 255 
1114 1124 4 993 1375 1376 645 1113 1114 1377 75 1378 4 38 767 627 38 223 993 36 1379 
194 1380 1381 149 640 1382 165 48 1027 1383 204 13 789 182 10 959 165 327 1110 1 1384 377 23 117 40 365 391 
14 1385 1386 82 1387 8 1388 53 250 21 1389 1200 1390 20 182 67 1391 1392 1393 13 
20 194 21 279 1394 1395 337 1292 1396 243 11 165 1397 279 1149 83 1398 210 140 
1399 1400 53 13 74 75 1401 75 1402 575 1403 903 77 38 1404 
1405 1406 134 1407 311 120 38 274 840 38 825 23 21 63 1408 1394 129 258 38 1409 53 145 1292 569 1410 255 
1411 222 90 1412 474 252 1413 75 40 8 1414 1415 904 1416 1 74 21 1417 1418 13 789 124 1419 
1420 103 149 21 1421 206 21 1422 13 448 30 184 1423 1424 
141 40 38 1425 1426 1427 1182 90 204 13 
1428 1429 53 13 74 75 531 1430 
1431 1432 1433 124 72 90 1434 134 1435 420 841 811 819 1436 584 67 1437 1438 13 426 149 774 145 1439 
1176 1440 13 1441 1442 359 38 1443 11 1300 1444 1445 
1446 268 1447 789 1448 75 328 333 777 1449 1152 333 194 1450 75 73 231 13 53 333 2 791 161 23 726 1451 
1452 44 404 1453 904 1454 371 252 507 84 13 107 108 77 1455 165 1239 318 498 279 1456 145 38 1457 
14 1458 44 1459 231 1460 13 1461 75 1462 40 1463 10 1464 367 1465 178 510 49 149 311 172 1466 1467 349 
487 2 1468 334 79 422 1469 1470 422 1471 1472 135 531 584 1473 921 1474 23 231 13 108 139 1475 1476 
1477 1478 231 1479 85 1480 831 324 38 1481 441 13 1482 1 40 1483 349 
14 1484 1477 1478 231 1479 85 1480 831 324 38 1481 441 13 1482 1 40 1483 349 
395 435 38 1485 13 40 59 125 130 38 99 1486 
1487 1488 1487 133 1489 13 1490 1491 789 1492 1493 1494 959 1495 
