0 1 2 3 4 5 6 7 8 9 10 11 12 13 14 15 16 17 
18 19 20 21 22 23 3 24 25 26 3 27 28 29 30 25 31 32 33 
34 12 35 36 37 38 7 39 5 40 20 41 29 42 43 44 45 46 1 47 48 
49 50 51 52 53 54 55 4 5 56 57 43 58 7 59 60 61 62 63 64 49 65 66 67 
68 69 70 71 20 72 1 73 74 75 76 55 27 77 
78 79 80 81 82 83 84 85 86 87 88 29 89 3 90 91 92 5 93 94 95 96 97 4 98 99 
100 101 102 103 3 49 104 105 106 107 108 77 20 109 110 55 5 111 112 113 
114 115 116 117 118 119 120 121 122 55 123 90 124 125 5 126 127 128 
129 130 131 52 5 132 20 29 133 134 
135 136 137 80 138 139 140 141 142 5 143 140 144 145 138 146 136 147 
148 149 5 150 
151 5 152 69 153 154 155 156 157 158 
18 159 151 5 152 69 153 154 155 156 157 158 
160 4 161 162 83 163 164 165 5 166 167 4 168 169 170 171 7 172 173 
174 175 176 3 177 178 179 12 180 4 181 8 182 183 184 69 185 186 66 187 188 
79 5 189 190 191 
192 193 194 8 79 69 195 131 196 3 197 198 83 199 200 120 201 202 80 203 189 8 204 3 97 80 5 
205 206 55 5 207 20 208 177 209 210 55 211 212 213 214 215 216 3 217 218 7 215 219 
220 25 221 7 222 223 224 25 225 226 227 228 
229 230 231 3 232 233 234 7 235 1 236 237 107 4 238 239 240 
241 242 169 243 244 
245 5 183 246 6 247 248 249 250 251 252 4 253 254 169 255 256 
257 5 183 246 6 247 248 249 250 251 252 4 253 258 259 241 
5 183 246 6 247 248 249 250 251 252 4 253 254 169 260 261 262 
5 183 246 6 247 248 249 250 263 264 265 266 267 268 
269 5 183 246 6 247 248 249 250 263 270 241 
271 5 183 246 6 247 248 249 250 263 272 
273 274 275 276 277 207 278 279 1 280 281 282 83 80 283 284 25 285 286 287 288 
245 5 183 246 6 247 248 249 250 251 260 289 4 253 254 169 290 291 
240 183 246 6 247 248 249 250 292 66 293 294 295 296 80 297 298 
299 5 183 246 6 247 248 249 250 263 300 
29 20 301 302 12 303 304 20 111 305 20 306 80 307 12 308 309 
18 310 240 183 246 6 247 248 249 250 292 66 293 294 295 296 80 297 311 312 
241 313 314 315 92 316 317 318 122 319 
260 320 321 5 183 322 6 247 248 323 250 251 252 4 253 324 325 
326 20 327 328 329 330 83 331 332 333 334 3 27 335 336 107 337 338 69 339 
5 183 246 6 247 248 249 250 263 340 
341 5 183 246 6 247 248 249 250 263 342 
5 183 246 6 247 248 249 250 263 343 
344 66 345 169 346 347 
348 5 183 349 6 11 350 248 4 351 352 
5 183 349 6 11 350 248 4 353 354 355 356 357 358 253 254 169 359 360 
361 5 183 349 6 11 350 248 4 351 362 
18 363 348 5 183 349 6 11 350 248 4 351 352 
348 5 183 349 6 11 350 248 4 351 364 
365 366 193 367 368 366 369 370 371 372 5 373 374 
80 375 376 231 25 49 377 378 379 120 4 351 12 380 381 382 383 384 385 383 5 386 387 
18 388 5 183 349 6 11 350 248 4 351 55 4 389 390 
18 388 5 183 349 6 11 350 248 4 351 55 4 389 390 
391 213 392 7 393 20 394 395 55 5 396 
18 388 5 183 349 6 11 350 248 4 351 55 4 389 390 
18 388 5 183 349 6 11 350 248 4 351 55 4 389 390 
397 304 18 388 5 183 349 6 11 350 248 4 351 55 4 389 398 
5 183 349 6 11 350 248 4 353 354 355 356 357 358 253 254 169 359 399 
18 388 5 183 349 6 11 350 248 4 351 55 4 389 390 
18 388 5 183 349 6 11 350 248 4 351 55 4 389 390 
18 388 5 183 349 6 11 350 248 4 351 55 4 389 390 
400 401 332 61 402 403 55 404 405 406 407 408 409 
260 320 5 183 349 6 11 350 248 4 353 4 253 254 169 260 410 411 
18 388 5 183 349 6 11 350 248 4 351 55 4 389 390 
6 412 55 5 213 90 169 4 351 55 4 413 414 164 415 3 24 416 417 418 419 169 420 421 4 422 55 423 
424 425 426 427 428 429 430 431 432 5 433 434 
79 435 107 436 437 438 439 440 12 27 207 20 214 441 442 55 4 437 443 444 445 446 447 448 
449 80 335 92 90 169 4 450 451 452 55 27 453 454 455 164 456 457 227 458 459 460 461 
462 20 463 391 189 20 41 406 464 406 465 466 49 5 2 467 
468 469 69 470 471 5 472 473 379 
18 474 79 435 107 436 437 438 439 440 12 27 207 20 214 441 442 55 4 437 443 444 312 
475 5 476 453 477 55 478 7 110 479 432 480 481 482 20 483 484 177 485 486 487 122 488 
453 489 295 55 490 491 
18 388 5 183 349 6 11 350 248 4 351 55 4 389 390 
492 493 240 494 189 495 496 497 498 499 
18 500 501 502 12 503 504 7 505 506 507 508 509 12 510 83 511 354 512 513 514 312 
18 310 459 70 515 457 169 233 351 516 416 517 518 519 520 521 454 107 522 166 5 523 312 
524 273 525 432 169 526 107 4 5 527 528 529 
18 530 531 92 532 533 534 535 536 537 538 539 540 541 542 543 544 5 545 546 312 
241 547 3 548 549 550 551 
552 553 554 555 556 225 557 558 559 
312 560 213 25 27 561 213 562 563 
5 564 565 566 567 6 247 55 249 568 569 549 550 570 571 
5 572 573 574 575 576 12 577 578 
579 107 5 254 580 581 582 583 584 
585 586 20 131 587 3 588 69 43 331 69 589 590 579 107 5 591 592 593 305 459 594 273 595 596 597 
598 5 183 349 6 11 350 248 4 351 55 4 389 599 600 601 
602 5 152 603 604 605 606 607 18 608 609 213 610 
18 611 5 572 573 574 575 576 12 577 578 
612 613 453 393 614 464 615 616 55 27 453 
253 254 169 260 617 79 80 618 619 492 
620 5 621 622 623 624 
625 626 432 182 5 132 393 20 29 131 627 628 20 305 164 629 630 
241 631 632 633 3 634 55 635 636 637 638 
639 640 641 642 643 644 645 646 333 29 647 233 648 55 5 649 
650 20 96 97 651 107 652 189 579 653 79 72 654 5 655 656 
18 657 245 5 183 246 6 247 248 249 250 251 260 289 4 253 254 169 290 312 
658 659 660 4 661 27 41 20 662 663 664 
107 5 665 193 66 666 667 592 
5 668 669 670 671 672 673 
5 674 675 676 80 677 678 
107 679 680 225 681 682 683 684 
685 69 686 687 52 5 132 688 689 
49 690 691 154 416 5 692 66 693 12 80 80 694 695 227 696 79 697 
240 698 204 699 700 701 702 55 703 704 705 706 707 
708 131 456 393 709 122 3 710 120 20 711 213 49 5 712 713 
714 18 715 716 717 18 715 18 717 718 719 97 5 18 720 721 722 
723 724 725 726 20 394 727 728 729 1 730 731 3 80 704 732 66 1 5 733 
20 734 80 735 736 737 738 169 80 739 740 739 
18 388 5 183 349 6 11 350 248 4 351 55 4 389 390 
741 80 704 742 100 743 744 745 12 746 747 49 5 748 278 749 
750 751 752 240 62 753 754 7 755 756 381 757 758 759 760 
18 761 231 213 4 762 763 764 765 766 767 107 768 7 769 289 770 771 772 12 773 166 225 774 312 
241 775 3 776 777 778 779 780 3 781 782 
492 783 784 225 785 786 
787 5 213 49 788 349 789 682 
790 791 20 111 72 183 792 793 794 80 795 796 797 646 798 630 393 799 177 303 453 
800 801 802 43 273 803 804 432 805 709 83 4 27 
806 807 5 808 809 810 
811 812 18 813 814 5 18 815 816 817 818 819 18 813 820 821 822 18 815 820 823 824 18 
825 453 826 827 3 24 828 829 5 62 102 830 831 391 12 80 832 833 
492 80 349 834 835 836 5 
18 837 5 838 839 80 840 841 169 233 842 843 844 845 846 
847 20 848 131 52 5 849 850 29 20 686 24 851 
852 4 853 854 55 4 855 213 278 623 177 169 5 183 856 213 273 80 857 858 
859 289 80 860 861 3 862 7 863 864 865 
131 866 12 27 79 867 12 4 351 
868 869 870 5 816 18 871 872 873 874 18 875 872 876 877 158 878 
879 880 131 866 12 27 79 867 12 4 881 
5 183 246 6 247 248 249 882 251 5 183 322 6 247 248 323 883 884 
885 886 887 66 49 888 240 
79 889 177 5 890 891 892 12 522 193 
12 893 894 432 12 895 896 12 897 898 107 899 164 900 901 902 596 903 904 66 5 166 905 136 490 906 
5 907 63 12 908 909 247 273 487 910 911 3 912 49 913 914 
241 915 635 916 230 917 918 
333 919 920 921 200 922 303 20 923 924 
492 925 926 225 927 928 
129 130 131 52 5 929 20 29 133 930 
931 932 933 934 935 936 937 5 5 938 939 
940 886 29 130 941 432 52 5 929 942 943 
944 945 946 947 948 55 260 
20 131 949 950 273 951 952 4 953 954 240 955 
129 130 131 52 5 929 20 29 956 20 711 3 957 587 189 579 958 959 
960 961 107 4 962 963 107 5 964 
241 965 966 967 55 968 969 970 971 972 
18 973 197 701 974 66 755 975 107 4 976 977 978 979 549 980 981 982 983 66 5 984 312 
129 130 131 52 5 132 20 195 985 986 987 
988 107 404 704 989 12 457 990 991 213 746 992 704 31 3 120 254 993 994 391 995 996 
129 130 131 52 5 929 20 195 985 134 
991 213 746 992 704 31 3 120 254 993 994 391 995 997 998 5 7 5 621 471 
184 747 29 999 432 1000 5 132 1001 1002 1003 69 393 1004 
5 1005 1006 1007 80 1008 5 1009 1010 
260 1011 1012 1013 1014 1015 1016 55 4 1017 12 31 12 1018 391 213 193 80 1019 1020 5 7 1021 12 177 1014 667 
991 1022 31 1023 5 250 169 4 1024 1025 
111 623 131 52 5 12 197 1026 55 1027 
1028 20 206 154 1029 482 20 154 4 90 1030 12 80 1031 177 213 278 1032 1033 189 1034 4 1035 240 213 75 1036 
1037 240 241 1038 1039 
709 1040 20 471 3 1041 592 5 213 214 1042 850 1000 1043 202 1044 9 331 1045 1046 1047 
79 1048 1049 83 49 1050 1051 1052 69 1053 1054 20 594 1055 177 1056 80 297 1057 1058 240 
1059 1060 18 1061 1062 1063 1059 873 5 
90 129 278 1064 1065 5 991 1066 
1067 69 131 3 7 982 12 391 83 4 5 1068 7 391 1069 1070 3 349 689 
49 1071 1072 1073 1074 148 1075 25 4 5 55 4 1076 1077 7 1078 459 131 273 254 1079 122 1080 1081 
747 1082 1083 432 1000 5 132 3 957 587 15 1084 
1045 213 1085 122 83 490 1086 991 1087 
4 1088 5 1073 29 469 278 1089 72 4 1090 177 1091 69 1073 83 1 1092 1093 
5 69 1094 278 1095 1045 1096 69 55 4 1097 31 1098 
4 460 1099 1100 20 208 72 579 1101 26 1102 7 20 79 131 1103 1104 107 5 1104 1105 
29 747 483 432 1000 5 929 1106 
400 747 1002 999 432 1000 5 929 
1107 213 5 1108 1109 12 1110 
207 69 21 303 289 1111 1112 1113 1114 735 1115 1116 1117 
69 202 120 393 1118 278 80 1119 90 169 69 626 432 7 5 132 
4 5 1120 184 1121 432 1122 29 69 1123 1 1124 1056 7 1125 1121 1126 
204 130 154 80 1127 5 132 20 195 1128 
129 130 131 80 5 1129 20 29 1130 134 
241 331 1131 482 1132 1133 1134 336 55 1135 1136 
1137 453 7 1138 1139 184 459 1140 55 1141 83 233 5 459 24 484 12 1142 189 20 305 1 457 1143 213 1144 
1145 471 83 4 5 1120 7 8 72 1146 12 4 297 1030 
1147 1148 5 183 246 6 1149 1150 1151 
1152 1153 131 3 1154 490 7 709 792 453 
129 130 204 52 5 132 20 195 1128 1155 1156 
241 1157 1158 1159 83 1160 1161 1162 1163 
991 213 746 992 704 31 3 120 254 993 994 391 995 1164 887 5 24 1165 3 4 250 1166 
1167 41 69 24 1168 644 5 1169 107 1170 1171 
1172 1173 5 1174 1175 158 1176 
18 1177 1178 1179 1180 1181 5 1182 1183 1184 
20 1185 122 3 1013 1186 1187 83 49 1097 1188 3 5 
1189 69 21 1190 1191 111 21 1192 1193 177 1194 1195 
241 1196 26 1197 1198 55 1199 1200 
1002 1201 1202 1094 97 107 1203 1204 432 121 122 207 1205 1206 1207 
1192 5 1208 29 1095 432 1209 1 1210 25 1211 1212 687 80 1213 3 1214 1215 1216 
241 1217 1218 278 334 12 1219 518 1220 1221 1222 
18 388 1223 1224 25 5 1225 122 1226 1227 1228 1229 1230 
331 202 120 187 1231 1232 598 1223 1224 25 5 1225 122 1226 1227 1228 1229 1233 
18 1234 1013 1235 1236 4 1237 18 388 1223 1224 25 5 1225 122 1226 1227 1228 1229 1238 
18 1234 1013 1235 1236 4 1237 18 388 1223 1224 25 5 1225 122 1226 1227 1228 1229 1238 
598 1223 1224 25 5 1225 122 1226 1227 1228 1229 1239 1240 
18 388 1223 1224 25 5 1225 122 1226 1227 1228 1229 1230 
579 107 5 1241 169 591 583 1242 
393 1243 1244 29 97 1245 79 92 1246 1247 1223 1224 25 5 1225 122 1226 1227 1228 1229 1248 
1249 471 887 5 1096 1097 31 1017 7 24 122 3 1029 704 83 1250 1018 1251 
1252 5 1253 
212 25 225 459 193 131 1254 169 704 31 83 1255 1256 273 213 1257 1258 
5 213 1259 55 4 1260 1261 21 177 1262 1263 1264 
887 5 1096 459 96 24 1254 1265 1266 
991 213 746 992 704 31 3 5 254 993 994 391 995 1267 1268 823 1269 
1270 598 1223 1224 25 5 1225 122 1226 1227 1228 1229 1271 
20 72 1272 5 213 214 1273 1274 3 1096 4 1097 31 1275 1276 
676 273 5 1277 1278 1279 1280 83 1281 1282 1283 400 826 1201 579 393 1284 43 391 1285 1286 1287 
4 457 1288 20 305 213 1139 55 260 202 5 621 7 423 1289 856 
1290 1291 1292 1290 278 97 55 4 1293 1294 1295 110 1296 3 1297 5 213 90 169 4 250 1298 1299 1300 60 
1301 1302 1303 1304 1305 1306 5 1307 
18 1308 240 1309 1310 7 1311 1312 7 1313 887 5 1096 4 1097 31 1023 1314 
1315 90 1316 961 18 1317 1318 890 985 76 
1319 5 110 24 1254 704 710 20 193 131 1320 169 1321 1322 1323 991 240 1324 
393 1325 1326 193 3 1327 1328 471 240 158 991 1329 
400 5 1330 25 1331 3 1332 3 1333 991 1329 1334 1335 193 459 206 131 1045 1336 207 120 5 62 24 1265 1337 
1338 1339 169 1340 1341 1342 83 1272 1343 29 1344 4 1340 413 1345 1346 
5 838 839 80 840 841 169 233 842 843 844 1347 4 1348 260 1349 
1350 1011 131 1351 1352 213 80 808 1353 1354 1114 1355 
1356 1357 1358 107 5 1359 840 3 1360 1361 1362 1363 80 1364 3 1365 1366 189 1367 1368 1369 1370 1364 
1371 240 1372 213 746 992 704 31 3 120 254 993 994 391 995 1373 
1374 200 1375 1376 1377 1378 5 1379 1380 1381 1 1382 
278 1383 1384 83 4 5 213 278 1385 1386 
5 55 4 320 1387 727 1388 1389 1223 1224 25 5 1225 122 1226 1227 1228 1229 1390 
241 1391 430 1392 1393 55 1394 1395 107 1396 1397 195 97 1398 12 1399 1400 
1002 1401 69 29 1402 1403 189 20 1404 77 331 80 1402 1405 890 1406 1407 55 27 1408 1409 20 711 49 1410 1411 
18 1412 70 1413 97 1414 107 4 5 1415 1416 1417 1418 1419 1420 
5 1223 1224 7 1421 1422 1423 1424 7 1425 169 1426 83 1229 1427 
1428 5 1223 1224 7 1421 1422 1423 1424 7 1425 169 1426 83 1229 1429 
331 4 5 213 1430 1431 1432 1433 
1434 1435 482 20 919 3 1436 460 974 5 185 92 1437 55 4 776 1438 1439 
400 20 79 1440 164 80 1441 225 1442 1443 1444 991 1445 
1078 185 273 1446 1447 1448 80 1229 3 24 416 27 193 1446 1449 644 5 1224 1383 80 1228 1450 1451 
1452 5 197 1453 1454 1455 1456 1424 1457 
1458 5 197 1453 1454 1455 1456 1459 80 591 1224 25 4 253 1460 1461 241 
5 197 1453 1454 1455 1456 1459 80 591 1224 25 4 253 254 169 260 1462 1463 
1464 3 260 18 5 838 839 80 840 841 169 233 842 843 844 1465 
24 416 4 1097 31 1466 5 993 1467 206 401 1468 1328 1469 
18 363 1452 5 197 1453 1454 1455 1456 1424 1457 
1470 273 213 4 206 332 5 29 196 122 83 250 289 469 1471 4 250 289 55 254 1472 1473 
393 1474 1254 1475 704 991 31 7 240 213 1476 1165 416 1477 1478 1479 1480 
18 1481 1299 1482 676 623 80 1483 1484 1413 97 1414 107 436 240 166 1485 1486 166 1487 1488 1489 1490 312 
18 1481 1299 1482 676 623 80 1483 1484 1413 97 1414 107 436 240 166 1485 1486 166 1487 1488 1489 1490 312 
18 1481 1299 1482 676 623 80 1483 1484 1413 97 1414 107 436 240 166 1485 1486 166 1487 1488 1489 1490 312 
1491 1492 1272 83 1493 1494 69 24 52 1186 1495 1496 428 1497 5 213 1498 189 391 185 1499 1500 12 80 1501 
1502 1503 331 55 187 1504 1505 18 388 1223 1224 25 5 1225 122 1226 1227 1228 1229 1506 
1171 1507 202 4 422 1508 687 4 31 4 1509 196 5 1510 1442 162 4 389 1272 1511 459 120 1512 1513 
18 1481 1514 1515 1516 278 1517 70 1413 97 1414 107 4 5 1415 1416 1417 1518 312 
18 1519 1520 5 1521 1522 1523 356 1524 1525 1526 
1097 31 1527 1064 1528 349 1073 1529 3 24 1265 1322 5 213 75 350 1530 1531 1532 1533 
1534 1535 1536 1537 25 1538 225 1201 69 985 1539 1026 3 1540 1541 
253 254 169 1542 1543 1544 1545 1329 240 1546 
5 1547 393 1548 1549 1550 1551 8 1327 1552 1553 
18 388 1223 1224 25 5 1225 122 1226 1227 1228 1229 1230 
20 305 213 72 4 1332 332 5 591 965 1554 55 829 1228 1555 1556 1099 1557 
20 1003 1097 956 169 4 5 31 1023 1558 
129 130 71 184 5 1559 1560 202 1561 12 4 1097 1022 31 1562 
5 131 1413 1563 1564 70 46 90 55 1565 1566 1567 1568 7 1569 169 1570 1571 1572 110 131 1573 
704 31 12 1171 993 1574 1095 5 1575 1576 1577 
490 18 1578 1579 213 746 992 704 31 3 120 254 993 994 391 995 1580 1577 
1581 240 213 1014 55 991 31 1582 154 1254 12 1583 
1584 5 36 1096 4 31 1017 60 991 
1585 1586 1587 213 4 450 1588 1589 1590 240 1591 
1592 4 1593 213 52 5 591 1594 393 1595 1596 
1597 193 676 587 5 29 1598 1045 107 797 
206 1599 1043 1600 1097 1601 1024 1602 240 1577 
18 1603 20 1604 273 213 331 5 591 1605 1606 1607 
1608 1609 5 1022 1610 1611 1612 1613 1614 1615 1616 1617 1618 
5 1619 1097 31 1275 1620 1621 1622 
1623 60 1569 4 1624 1625 29 24 829 1626 4 5 1627 154 1029 1628 
18 1629 4 1577 1630 213 4 206 1631 1171 1630 1632 1633 83 5 197 1634 1635 1636 21 416 1637 312 
1638 4 1639 1640 1641 1642 5 197 1453 1454 1455 1456 1424 1643 
1644 5 18 1645 1644 1646 1647 91 1648 273 1040 1649 1650 1651 
7 5 1652 4 1017 7 459 154 704 1029 12 457 227 77 1653 
1654 1655 1656 393 1657 169 27 1577 
18 1658 5 197 1453 1454 1455 1456 1424 1659 
1660 1661 1662 1663 4 1022 31 1017 92 991 1664 1114 1665 240 535 241 1666 
5 79 1619 4 1097 1667 1668 1669 1670 7 1671 1672 1673 1674 
5 79 1619 4 1097 1675 1668 1669 1670 7 1671 1672 1673 1674 
5 1676 1677 169 1678 349 55 4 389 1679 1114 1680 
1201 202 5 746 1681 3 273 1682 169 110 1683 169 1684 1685 1686 
991 213 746 992 704 31 3 120 62 1508 1687 1000 1688 1689 5 166 522 202 193 350 1690 166 1691 1692 
1693 5 1694 829 1695 1696 1697 1325 1698 328 1699 1700 
164 890 376 5 1619 4 1701 1362 1702 164 704 1703 60 
1704 120 4 1705 1706 202 55 4 250 1707 1708 55 5 131 587 3 1709 1710 
5 1619 1711 1712 1713 727 8 79 1714 1101 1715 1716 1717 
5 1718 1719 273 213 1201 579 1720 1721 
5 1494 69 328 177 1722 1723 460 974 1721 
5 1228 7 4 1724 1383 1228 1725 
5 79 12 1726 1727 32 1728 
5 1383 1228 234 1729 1721 
5 1730 1731 1732 1733 1734 1735 166 1736 1737 
1101 4 1738 333 1739 1292 1507 840 3 1740 1741 107 1742 18 1743 5 62 79 154 1744 1745 1746 
18 1747 1748 6 11 248 249 351 1749 
241 1750 5 183 349 6 11 350 248 4 351 1751 1752 
5 1753 1754 1755 1756 
5 1720 181 55 1757 12 1101 495 1720 1758 
5 1272 3 1204 1720 1759 1760 1761 
5 1762 1763 356 1764 1765 1766 1767 
5 1768 1769 289 1770 1771 289 4 1772 1773 1756 
5 1774 1775 289 1776 1777 7 182 1507 356 1765 1778 1766 107 26 1766 3 1779 1780 1781 1758 
5 1765 736 289 1782 29 1783 1784 1767 
5 1785 1755 1786 1765 755 1787 60 1788 
5 1765 1789 1790 1755 1791 
1792 169 4 1793 5 197 1794 230 1229 169 1455 1456 1424 289 1795 320 260 1796 
5 1755 1797 289 1798 1799 1800 1801 1802 
5 1803 1753 66 1762 1277 1755 1802 
5 215 1765 1804 138 1805 1755 1756 
5 1494 69 328 1806 422 1807 1767 
1808 1809 185 1810 1811 1078 1153 97 80 1812 1693 1813 1814 333 202 1815 391 710 4 5 1816 1817 1818 
18 1819 1820 5 1619 7 459 120 24 1029 704 1821 
5 4 1822 1823 1824 1825 289 1826 1827 158 1828 1829 1830 1831 1832 1833 1834 1835 
5 1765 1755 1836 1837 7 1838 1839 
5 1840 457 1720 1841 1112 289 1842 1829 1843 1835 
5 1844 1845 1755 1839 
1846 1847 501 5 7 1848 1 1849 1850 1851 1852 1853 1854 
5 1855 1755 1765 351 1856 1857 30 1858 1859 1760 1860 1861 1425 1788 
5 1862 1863 762 1864 213 1865 1866 
1867 1868 726 1869 1870 71 64 273 5 1871 197 1508 1872 1873 7 1456 1874 1875 
5 1876 289 1877 1760 1731 1735 1878 
1879 273 1880 5 197 7 1881 1277 1882 1883 1884 1885 1886 686 711 21 1887 
5 4 1888 289 120 1889 1735 1890 
5 1891 1720 1892 1893 1894 1895 
5 1896 121 122 1755 1897 1895 
1898 1879 273 1899 5 197 7 1881 1900 1882 1883 1884 1885 1886 686 711 21 1887 
12 120 169 502 5 1901 18 1902 1903 1609 1097 1904 
1905 1906 154 90 5 90 1265 1907 
5 1908 1909 1765 1910 1766 1911 1912 
5 1760 1913 1735 1914 
5 1915 169 1731 457 1916 100 1917 1912 
12 5 1918 1919 69 29 24 1250 1029 92 1920 1 1918 1074 184 69 202 1920 1921 1922 20 131 1923 710 1577 
5 1924 1925 1926 36 1833 15 289 1927 1347 1720 1928 1125 1929 1930 1931 
5 1932 1933 1934 80 1720 1935 289 1936 1937 
5 1383 1228 1938 1939 1940 
4 1941 12 120 177 1186 1942 204 3 196 25 1943 1944 1945 213 1201 4 1946 213 644 1947 644 391 213 55 5 710 
5 1797 432 88 1948 4 94 169 1859 1949 1914 
5 1760 1950 25 1951 1952 289 1953 1912 
5 351 1954 1955 952 1755 1956 204 80 1765 1957 1803 83 1958 1937 
5 1383 1228 1959 1914 
5 1871 591 1960 1961 1962 177 1963 55 1964 1736 1963 55 252 1965 
5 1871 591 1966 1453 1454 1455 1456 1424 7 1967 1968 
273 4 1969 177 1970 1971 1972 1973 1974 1975 1976 1097 70 1977 746 120 5 1978 4 1029 704 1979 
5 351 1720 1980 289 1981 1982 1982 1982 1983 541 1984 
5 1954 1985 1765 1755 1986 
5 4 1954 1987 1988 289 1989 1990 1991 457 1914 
5 29 1383 1228 1125 1 1992 1984 
20 1003 1097 956 154 1711 1609 169 704 31 240 1993 
5 1383 1228 1920 430 1914 
5 1994 1995 1996 7 1997 80 1998 1999 2000 
5 1013 762 66 2001 2002 289 1720 2003 2004 1914 
5 541 2005 1720 2006 289 2007 2008 55 4 1720 2006 1986 
5 1494 69 328 391 487 1807 2009 
5 2010 2011 2012 1755 289 2013 2014 2015 2016 2017 289 2018 2019 289 4 346 2020 
5 1494 69 328 331 20 1494 1078 2021 
2022 2023 2024 2025 2026 2027 2028 2029 2030 225 7 2031 12 80 2032 2033 2034 2035 2036 2037 2038 2039 2040 2041 304 
2042 2043 2044 2045 2046 428 890 2047 2048 5 62 2049 3 471 1572 2050 2051 2052 20 41 333 1571 2053 
5 4 2054 1755 1797 92 4 2055 2056 
5 2057 166 2058 1677 2059 2060 2061 2062 12 2063 166 1265 1720 2064 320 1984 
5 2065 1987 2066 1755 2067 541 169 457 2068 457 1989 2069 1984 
5 1840 457 1720 1841 1112 289 1842 1829 2070 2071 
18 2072 55 2073 2074 2075 1201 4 5 2076 213 393 2077 2078 459 131 2079 3 51 122 4 1022 5 2080 890 1265 312 
5 2081 166 2082 2083 4 2084 1094 2085 1765 592 2086 
5 1383 1228 112 132 1436 2087 
5 1383 1228 2088 2089 2090 
2091 549 2092 2093 90 169 4 2094 1003 2095 55 4 478 169 2096 2097 2098 2099 2100 
18 2101 2102 2103 1097 80 1119 2104 24 1711 1609 1321 1322 2105 5 2106 169 349 2107 24 1843 2108 2109 2110 
5 2111 2112 2113 1755 1797 2114 289 2115 1766 2071 
5 2116 2117 2118 289 2119 2120 2071 
5 2121 289 2122 1755 2123 2124 
18 2125 2126 72 5 591 349 213 1430 80 2127 2128 393 49 2129 2130 2131 711 3 131 80 1762 709 332 55 2132 1402 397 2133 312 
2134 2126 72 5 591 349 213 1430 80 2127 2128 393 49 2129 2130 2131 711 3 131 80 1762 709 332 55 2135 2136 2137 
18 2125 2126 72 5 591 349 213 1430 80 2127 2128 393 49 2129 2130 2131 711 3 131 80 1762 709 332 55 2132 1402 397 2133 312 
18 2138 1467 958 2139 2140 5 2141 201 25 2142 459 1003 2143 
5 1987 1755 2144 965 107 4 2145 2146 736 2147 2148 
5 1859 1760 1709 2149 2150 
5 1494 69 328 432 2151 2087 
2152 2153 2154 20 195 2155 4 855 283 2156 3 9 2157 189 579 55 2158 940 2159 213 4 5 2160 
5 2116 2117 2118 289 2119 2120 2150 
18 2072 55 2073 2074 2075 1201 4 5 2076 213 393 2077 2078 459 131 2079 3 51 122 4 1022 5 2080 890 1265 312 
5 1581 2161 169 2162 2163 289 1760 2164 2165 2166 2167 7 2168 2169 2170 289 2171 2172 
2173 453 2174 2175 2176 579 278 25 5 453 
20 218 391 185 79 432 1508 2177 2178 3 4 5 2179 1604 164 230 2180 
5 2181 1735 356 2182 2183 2184 2148 
5 2185 2011 1755 1797 2186 
5 2187 1735 83 2188 162 2087 
5 667 2189 2190 2191 2192 2193 394 2194 45 2195 667 667 667 
18 2125 2126 72 5 591 349 213 1430 80 2127 2128 393 49 2129 2130 2131 711 3 131 80 1762 709 332 55 2132 1402 397 2133 312 
18 2101 2102 2103 1097 80 1119 2104 24 1711 1609 1321 1322 2105 5 2106 169 349 2107 24 1843 2108 2109 2110 
5 2196 2197 2198 2199 1766 2200 2201 644 2202 2203 
5 2060 2204 83 4 2205 2206 2207 2208 2209 2210 166 1265 1720 2064 320 2087 
18 611 2211 29 240 207 3 2212 2213 1223 1224 1508 1872 2214 169 1423 66 1421 1427 
5 1765 2215 376 1755 2216 
2217 4 2218 25 2219 4 1277 25 2220 
5 2221 2222 2223 1720 1436 2224 2225 2226 
5 2227 2228 2229 1990 289 2230 2231 1735 2232 92 2233 2234 1834 2148 
501 502 83 2235 2236 2237 3 2238 166 2239 107 72 2240 1003 2241 2242 405 2243 2244 1265 83 1809 
5 1765 2245 289 1765 2245 289 1765 2246 2247 2248 30 2148 
5 1720 2249 389 2250 2251 2252 2253 
5 2254 4 2076 289 2255 55 4 1720 2006 2256 
3 2257 469 278 3 2258 2259 331 80 2260 169 332 7 2261 2262 240 2263 
5 2264 2265 1766 2256 
5 2266 2267 166 1760 55 1003 2268 2269 2270 2271 2272 
5 2273 2274 2275 2276 289 2277 166 1760 2278 2279 2280 2281 
5 1760 2282 1731 25 2283 162 2172 
5 2284 2285 232 2286 2287 740 213 2288 12 52 2289 7 2290 2291 3 2292 2293 
18 2125 2126 72 5 591 349 213 1430 80 2127 2128 393 49 2129 2130 2131 711 3 131 80 1762 709 332 55 2132 1402 397 2133 312 
18 2125 2126 72 5 591 349 213 1430 80 2127 2128 393 49 2129 2130 2131 711 3 131 80 1762 709 332 55 2132 1402 397 2133 312 
2294 2295 2296 579 80 2297 66 2298 213 391 2299 66 69 12 432 3 21 1 2300 83 1748 2301 2302 2303 
18 2125 2126 72 5 591 349 213 1430 80 2127 2128 393 49 2129 2130 2131 711 3 131 80 1762 709 332 55 2132 1402 397 2133 312 
1201 848 333 79 941 432 2304 3 5 12 777 2305 2306 
5 1720 1720 2307 2308 289 69 111 71 331 164 72 3 97 2309 2310 
5 701 902 1755 289 2311 2312 21 2313 
5 1755 1765 736 55 2113 2314 
2315 213 49 2316 83 4 1228 1229 169 4 2317 55 27 189 2318 2319 2320 2321 
5 2322 2323 7 2324 1766 289 965 7 50 289 1765 2325 736 2310 
5 72 400 2326 72 1831 2327 289 762 2328 2256 
2329 4 1228 1229 169 273 1223 1224 25 5 591 7 182 2330 
2331 111 2332 3 2333 1 5 
5 1765 1954 1766 2334 
5 1720 2335 2336 2337 2281 
5 2338 2339 2340 2341 3 2342 2343 2060 2344 80 100 2345 7 1265 1720 2064 2346 2347 
5 2206 2207 166 2348 2349 24 2350 2351 2352 2353 2354 2355 166 1265 1720 320 2356 
5 1720 2357 1731 2358 2359 289 762 2360 2310 
5 2361 2362 2363 2364 2365 1735 7 2366 2367 2368 1289 2369 
686 769 1173 5 1070 432 80 2370 2371 49 2372 2185 2373 1052 69 12 2374 
5 1383 1228 112 132 1436 2375 
5 2376 1523 2377 4 2378 1731 1735 107 2379 2380 2381 2382 
18 2125 2126 72 5 591 349 213 1430 80 2127 2128 393 49 2129 2130 2131 711 3 131 80 1762 709 332 55 2132 1402 397 2133 312 
5 107 4 250 169 4 1097 31 1275 2185 7 460 332 119 97 2383 169 1045 55 2384 2385 
5 351 957 1755 1797 2375 
5 233 2185 1731 289 1760 2386 1040 165 1003 2369 
5 1598 122 92 1720 2387 2388 289 762 2389 2369 
18 2072 55 2073 2074 2075 1201 4 5 2076 213 393 2077 2078 459 131 2079 3 51 122 4 1022 5 2080 890 1265 312 
5 4 1822 1823 1824 1825 289 2390 1921 289 1828 1829 1711 1831 1832 1833 1834 2391 
5 2392 2393 1755 2369 
5 1383 1228 1 2394 2395 2382 
5 2064 389 289 1762 2396 2397 2398 2399 2400 289 2064 1720 1425 2356 
5 2401 289 1720 2402 166 2403 289 2404 2405 2406 2407 2408 2391 
5 2409 1755 107 2410 2411 
18 2125 2126 72 5 591 349 213 1430 80 2127 2128 393 49 2129 2130 2131 711 3 131 80 1762 709 332 55 2132 1402 397 2133 312 
5 1720 1762 2412 166 2413 2414 1751 2415 2416 2417 
5 2418 804 4 2419 66 182 2420 312 2421 2422 2423 
5 96 2058 2424 66 182 654 2425 2426 3 2427 83 2428 2429 2430 166 1265 1720 320 2391 
5 2431 2432 1766 66 2433 2434 2435 
18 2436 215 2437 92 5 2438 4 1701 522 166 1292 202 55 4 250 695 789 1714 197 1716 2439 312 
5 2440 2441 1848 2442 289 1760 2443 2444 2445 2446 2447 2448 2449 
5 2450 2451 1760 2452 2453 
5 1383 1228 2454 457 2435 
5 1720 2004 83 2455 2456 2457 289 762 2458 2411 
381 3 2459 5 1309 80 2460 169 502 967 96 131 2461 2462 12 233 2463 2464 12 4 1370 457 2465 2466 
2467 1138 4 206 2468 5 29 1598 2469 
2470 2471 823 2472 404 404 404 
18 2125 2126 72 5 591 349 213 1430 80 2127 2128 393 49 2129 2130 2131 711 3 131 80 1762 709 332 55 2132 1402 397 2133 312 
2473 2474 2475 1869 2476 1446 2477 4 5 591 197 2478 55 4 1228 1555 2479 331 2480 2481 2482 83 4 2483 
1407 52 5 2484 2485 18 2486 1881 947 1228 1229 195 2487 1699 55 1757 55 260 2488 
75 55 744 107 5 2489 3 2490 43 4 2491 2492 7 1272 459 29 24 1554 
18 2125 2126 72 5 591 349 213 1430 80 2127 2128 393 49 2129 2130 2131 711 3 131 80 1762 709 332 55 2132 1402 397 2133 312 
7 2493 55 2494 5 1817 2495 122 12 4 2496 2497 2498 
18 2125 2126 72 5 591 349 213 1430 80 2127 2128 393 49 2129 2130 2131 711 3 131 80 1762 709 332 55 2132 1402 397 2133 312 
393 454 165 502 2499 2500 2501 2180 184 2502 166 692 202 2499 2500 2503 1201 129 5 687 3 1204 1013 2499 2500 2504 
18 2125 2126 72 5 591 349 213 1430 80 2127 2128 393 49 2129 2130 2131 711 3 131 80 1762 709 332 55 2132 1402 397 2133 312 
18 2125 2126 72 5 591 349 213 1430 80 2127 2128 393 49 2129 2130 2131 711 3 131 80 1762 709 332 55 2132 1402 397 2133 312 
2505 2506 2507 501 432 55 5 
2508 2509 69 71 5 213 350 2185 2510 193 55 4 1466 1716 107 8 2511 453 
5 213 350 2512 7 522 213 2513 55 4 2514 2515 92 2516 2517 2518 2519 2520 
2521 18 2522 49 2523 2524 2525 3 2025 2447 2526 184 2527 1323 2528 1751 2529 490 
18 2125 2126 72 5 591 349 213 1430 80 2127 2128 393 49 2129 2130 2131 711 3 131 80 1762 709 332 55 2132 1402 397 2133 312 
18 2072 55 2073 2074 2075 1201 4 5 2076 213 393 2077 2078 459 131 2079 3 51 122 4 1022 5 2080 890 1265 312 
18 388 1223 1224 25 5 1225 122 1226 1227 1228 1229 1230 
2530 2531 2532 62 177 1571 122 3 97 2531 2532 2533 2534 
2535 811 5 2536 18 2537 2038 2538 2539 2540 2541 2542 2543 2544 
241 1157 3 1361 1265 421 2545 2546 2547 3 2548 55 1205 2549 2550 2551 
18 611 240 591 1224 55 1423 1229 1555 70 131 2552 122 1265 83 233 2553 2554 
5 1652 31 1017 83 1097 961 2555 
2556 2557 206 66 5 2558 726 2559 2560 
2561 1022 184 4 5 2562 195 1883 4 2563 83 2564 421 4 2565 
5 1676 1677 169 1678 349 55 4 389 2566 
18 2567 2568 743 2569 80 2570 2571 5 2572 2573 
2574 2575 2576 2577 2578 2579 2580 2581 2582 2583 2584 2585 
2586 2587 2588 2589 2279 2590 626 432 2591 7 4 5 1040 626 432 1013 2592 
2574 2575 2576 2577 2578 2579 2580 2581 2582 2583 2584 2593 
5 197 1794 230 1229 169 1455 1456 1424 2594 
2580 2581 2582 2583 2584 2574 2575 2576 2577 2578 2579 2595 
5 197 1794 230 1229 169 1455 1456 1424 289 1795 320 260 2596 1114 2597 
2598 202 2599 495 1004 1757 3 2600 1690 2540 2601 2602 2603 193 4 2604 5 1224 7 182 2605 
18 2606 2102 2103 1097 80 1119 2104 24 1711 1609 1321 1322 2105 5 2106 169 349 2107 24 1843 2108 2109 2110 
2607 2608 1069 2609 2370 1227 2610 1676 83 8 2611 2612 2613 2614 1676 2615 2616 2617 3 2581 158 394 2618 2619 1870 2620 
2621 747 2622 8 206 184 69 131 52 5 1186 69 111 131 3 2623 
241 2624 2625 1449 2208 2626 2627 2628 2629 
2630 1 1957 213 2631 2632 72 4 2394 5 197 1508 1872 182 2633 2634 2635 
18 611 240 591 1224 55 1423 1229 1555 70 131 2552 122 1265 83 233 2553 2554 
2636 2637 116 2638 621 307 2639 189 1094 328 49 2640 2641 184 2642 20 1054 213 5 469 2643 
2644 206 12 1171 62 2645 8 72 80 2646 248 1288 295 4 2647 2648 1069 1265 1626 5 1500 
1097 213 746 992 704 31 3 120 254 993 994 391 995 2649 1577 471 5 621 2650 2498 
5 197 1794 230 1229 169 1455 1456 1424 289 1795 320 260 2651 
1434 2466 2652 2653 83 5 522 1292 2654 122 1078 55 4 1601 250 1707 579 2655 169 2656 3 4 748 2657 
18 1234 1013 1235 1236 4 1237 18 388 1223 1224 25 5 1225 122 1226 1227 1228 1229 1238 
18 2658 2659 289 2660 1056 2661 2662 5 2663 62 687 295 2664 80 2665 3 24 2666 70 2659 999 2667 312 
79 2552 43 4 5 1224 177 1872 182 2668 1228 1424 83 2669 2670 2671 2672 495 2673 
2674 2675 2676 2677 3 2678 2679 2680 5 2681 
185 1278 4 320 83 5 1229 2682 7 2683 1056 55 2684 2685 1278 273 2686 2687 2688 2689 2690 
2691 890 20 2692 5 469 2693 1201 393 480 90 218 80 2460 2694 
2695 4 2696 2697 2076 83 2698 2699 2700 2701 2702 2703 2704 2705 2706 2707 240 2708 
2709 2710 393 2711 5 2712 2713 201 2714 2715 2716 2717 2718 2719 2720 2721 2722 
245 5 197 1153 97 2723 12 2724 2725 2726 2727 252 1078 213 80 2728 177 312 2729 
257 5 197 1153 97 2723 12 2724 2725 2726 2727 252 1078 213 80 2730 2731 241 
1370 2732 5 2733 2734 328 69 988 1078 2735 
271 5 197 1153 97 2723 12 2724 2725 2726 15 2736 
2737 2738 55 2739 2740 1186 105 55 287 687 3 442 393 397 12 49 2741 796 1370 332 304 
1272 20 1054 333 594 273 482 20 185 55 5 304 1577 
4 2742 2214 7 1425 43 177 5 2743 20 1638 391 77 
241 241 2744 241 2745 197 1153 97 2723 12 2724 2725 2726 2746 2747 266 
676 80 2748 169 1265 421 2749 1097 31 2750 55 225 2751 541 1056 169 457 2752 204 80 1097 2753 
1201 202 120 4 2754 2755 2756 5 591 1089 591 62 215 1880 213 851 
299 5 3 2757 1224 1508 1872 2725 2726 83 1229 2758 
5 197 1153 97 2723 12 2724 2725 2726 15 289 2759 320 1148 2759 320 2760 2761 2762 
18 310 5 96 2757 1223 1224 1508 1872 2763 2764 2726 169 2765 7 182 2766 15 523 312 
20 79 2767 5 55 4 1022 31 1017 2768 49 2769 2770 2771 2772 994 1056 4 2301 1024 797 2773 
5 3 2757 1224 1508 1872 2725 2726 83 1229 2774 241 
2775 495 2776 20 111 769 49 5 1073 1192 2777 49 2778 2779 213 1500 4 31 1017 2780 
2781 60 20 1299 769 49 522 2782 2783 393 2079 3 2784 1056 49 2769 5 2770 2785 797 
18 310 5 96 2757 1223 1224 1508 1872 2763 2764 2726 169 2765 7 182 2766 15 523 312 
5 2786 2787 83 1223 1224 1446 1449 2478 2763 2764 1229 919 2788 2789 406 195 97 2790 2791 
644 2792 12 1101 393 2793 7 2794 2795 29 1546 999 5 62 4 1186 1029 704 12 80 2796 
18 310 5 96 2757 1223 1224 1508 1872 2763 2764 2726 169 2765 7 182 2766 15 523 312 
18 2797 5 2786 2787 83 1223 1224 1446 1449 2478 2763 2764 1229 919 2788 2789 406 195 97 2798 312 
18 2797 5 2786 2787 83 1223 1224 1446 1449 2478 2763 2764 1229 919 2788 2789 406 195 97 2798 312 
2799 2800 20 154 1029 25 177 2801 2802 2646 1945 5 2803 2804 25 2377 829 1124 333 2805 459 207 12 31 
2806 2807 225 2808 2809 166 2810 131 456 49 2811 579 80 2812 2813 69 2814 1001 2815 92 2816 55 2817 2818 592 
2819 60 2273 2820 607 5 2821 
4 2822 169 4 5 2823 2824 2825 
2826 5 1619 4 1097 2827 1017 2828 2829 2830 459 120 2831 2832 469 331 2833 
110 169 2834 459 96 97 487 3 1833 107 2835 273 2836 2837 540 107 2838 
18 310 5 96 2757 1223 1224 1508 1872 2763 2764 2726 169 2765 7 182 2766 15 523 312 
18 2839 110 169 2834 459 96 97 487 3 1833 107 2835 273 2836 2837 540 107 2838 
2840 726 2841 20 2842 2843 4 2844 273 2845 164 52 2846 7 2847 12 52 5 2848 
1612 331 20 131 575 7 80 2849 69 70 2850 55 107 49 1213 2851 55 2852 2853 2854 213 495 1437 25 5 2855 
18 2856 269 5 197 1153 97 2723 12 2724 2725 2726 15 2857 
1446 1449 2858 2859 331 29 5 207 3 2860 2861 
1871 1224 1508 624 80 1228 2862 331 29 5 207 3 2863 2864 846 
2865 1871 1224 1508 624 80 1228 2862 331 29 5 207 3 2860 52 1223 1594 1446 1449 2866 2867 241 
2868 20 79 1440 5 213 49 2869 2870 
2871 2872 5 2873 
18 2797 5 2786 2787 83 1223 1224 1446 1449 2478 2763 2764 1229 919 2788 2789 406 195 97 2798 312 
2874 2875 2876 97 5 2877 2878 2879 69 206 2880 3 24 432 55 1757 55 2881 7 1 278 623 55 4 238 1210 644 409 
18 2839 110 169 2834 459 96 97 487 3 1833 107 2835 273 2836 2837 540 107 2838 
2882 2883 111 483 432 1869 71 1279 644 727 213 561 55 5 193 
18 2884 2885 129 2886 131 52 5 2887 929 177 20 29 985 886 2888 1920 2889 662 1204 110 999 2890 312 
110 2891 2892 213 72 2893 2891 80 8 79 5 
2894 2895 755 83 2896 
18 611 2211 29 240 207 3 2212 2213 1223 1224 1508 1872 2214 169 1423 66 1421 1427 
2897 5 2898 7 794 391 2185 196 2185 2899 12 704 2900 393 278 212 96 24 2901 2902 164 278 623 80 2903 
18 2904 2905 2906 2907 80 1228 1229 273 2908 7 193 2909 177 5 1011 2910 2911 482 69 312 
241 1751 2912 2913 2344 100 2914 671 2915 289 2759 2916 2917 266 
2918 4 2919 169 4 5 273 2920 2921 3 2922 1 2923 2924 122 482 1869 2925 1 2926 2927 
2928 2929 596 37 596 2919 66 490 
79 2930 80 5 2646 3 1096 52 2931 2932 20 351 1096 177 1124 
18 2933 110 2891 2892 213 72 2893 2891 80 8 79 5 
79 154 52 1073 25 5 43 1693 83 80 2934 453 2935 
2936 2937 2938 2939 2940 5 1535 2941 
1511 682 18 2942 60 5 213 2943 2944 1097 2945 704 31 457 1171 993 2946 1577 
18 2947 2948 2949 5 2950 2951 2952 2953 2954 2955 2956 2957 
5 2958 2959 2960 2961 2962 2963 2964 2965 207 2966 2967 2968 2969 
2970 20 131 2971 55 49 1097 2972 7 1870 5 7 522 55 250 1990 2973 
5 2974 1173 2975 2976 2977 2978 2979 2978 2980 2981 
241 2982 332 12 2983 2984 
4 5 2985 213 1693 3 2986 2987 
5 197 1794 230 1229 169 1455 1456 1424 289 1795 320 260 2988 1114 2597 
18 388 5 1223 1224 2989 2990 2003 12 2724 2763 2764 1424 166 1425 169 2765 166 2766 2991 312 
2992 2993 644 1325 644 2994 2995 2996 2997 2998 2999 3000 3 3001 3002 864 3003 
2437 177 3004 213 3005 1043 992 25 1961 1609 55 4 1097 31 1017 482 5 3006 2185 460 3007 1276 3008 
241 1197 3009 207 278 3010 3011 55 3012 3013 3014 3015 
18 3016 2630 1 1957 213 2631 2632 72 4 2394 5 197 1508 1872 182 2633 2634 2635 
391 1794 3017 4 332 3 24 3 5 92 3018 7 2985 421 92 3019 184 206 5 204 849 3020 
3021 3022 3023 3024 3 3025 469 278 3 3026 3027 166 3028 92 3029 3030 3031 3032 549 356 383 5 3033 
3034 3035 304 3036 1250 332 55 5 393 3037 592 
5 197 3038 1449 2858 3039 1153 97 2723 66 2724 2725 2726 15 3040 
18 3041 1424 3042 3043 3044 3045 3046 5 3047 3048 3049 3050 3051 3052 3053 312 3054 
3055 3056 3057 3058 3059 3057 5 3060 3061 
241 2487 295 3062 1552 1553 3063 12 3064 3065 
5 197 1153 97 2723 66 2724 2725 2726 15 289 2759 3066 3067 
5 197 1153 97 2723 66 2724 2725 2726 15 289 2759 3066 3068 
5 3069 289 3070 3071 4 3072 3073 3074 3075 
3076 278 654 34 3 770 189 1383 52 2316 7 3077 1272 3078 202 3079 7 331 278 5 1022 12 482 20 29 770 
3080 3081 18 3082 2530 1676 1677 169 1678 349 55 4 3083 3084 1511 3085 1683 169 3086 
3087 169 49 351 345 55 5 213 80 3088 7 20 71 1407 3089 55 409 189 4 3090 202 278 3091 
5 1871 591 1224 3 3092 2990 2003 12 1873 1229 3093 3094 
18 3095 20 1003 1272 3096 1786 4 5 1229 1424 3097 164 72 80 3098 55 4 3092 3 457 3099 3100 
3101 400 333 202 4 1760 5 3102 3103 
305 3104 12 3105 3106 183 3107 647 440 107 3108 3109 3110 3111 3112 549 3113 3114 
393 20 79 3115 66 4 3116 169 3117 231 74 210 107 5 705 4 3118 4 3117 948 3119 592 3120 240 
1002 622 3121 12 215 1325 393 111 3122 432 3123 1323 3124 1056 20 3125 383 5 3126 3127 3128 
207 1783 92 231 12 4 3129 55 3130 3131 92 3132 3133 3134 107 3135 3136 3137 391 3138 3139 
241 1217 3140 3141 634 83 3142 3143 3144 
273 297 3145 676 3146 3147 921 225 3148 7 829 3149 
3150 3151 20 594 80 2686 1342 169 3152 3153 965 79 3154 120 5 62 3155 1961 3156 3157 
55 225 459 1094 3158 3159 3160 4 1097 3161 3162 
5 3163 12 3164 3165 3166 3167 
20 327 3168 4 5 3169 592 3170 3171 
3172 12 273 3173 3 196 5 710 
18 3174 3172 12 273 3173 3 196 5 710 
3175 154 1165 25 5 3176 3177 77 726 3178 3179 393 3180 3181 7 3182 83 4 3183 
3184 60 1523 107 3185 60 7 169 508 69 662 97 3186 1078 69 1523 107 5 3187 1720 2832 210 459 196 453 
49 2129 3188 213 2240 66 5 2191 3189 3190 120 4 351 7 1001 328 69 3191 49 3192 3193 
79 3194 187 3195 3196 2768 3197 107 5 254 580 581 3198 3199 2872 3200 
3201 3202 3203 405 3204 96 97 3203 3205 184 395 3206 495 3180 3207 3208 3209 55 5 3210 
55 3211 3212 3213 5 3214 90 1040 3215 1265 72 3216 3217 2468 3218 
18 3219 3220 1446 1449 213 80 1871 3221 76 591 55 27 406 1872 182 1228 736 66 3222 1421 3223 1279 1421 213 312 
3224 3225 3226 3227 2633 469 3228 3229 393 273 3230 4 5 1228 1229 644 1873 644 80 3231 169 3232 3233 3234 
18 3235 3224 3225 3226 3227 2633 469 3228 3229 393 273 3230 4 5 1228 1229 644 1873 644 80 3231 169 3232 3233 3236 312 
241 1848 66 4 3237 3238 
18 3235 3224 3225 3226 3227 2633 469 3228 3229 393 273 3230 4 5 1228 1229 644 1873 644 80 3231 169 3232 3233 3236 312 
18 3239 1741 273 3240 3241 3102 3242 92 3243 76 55 5 120 3244 3245 
18 3239 1741 273 3240 3241 3102 3242 92 3243 76 55 5 120 3244 3245 
18 3246 20 3247 3 305 177 3248 102 3249 92 3250 62 7 3251 185 3249 92 5 93 453 
1693 3 829 5 3252 3253 3254 3255 1213 3256 
3257 3258 187 3259 967 55 4 3260 177 3261 3 1000 5 8 3262 
3263 328 747 2320 55 5 1278 3221 3264 
5 3265 21 3266 183 2073 2336 356 5 3267 62 594 1000 3268 3269 3270 3271 
18 3246 20 3247 3 305 177 3248 102 3249 92 3250 62 7 3251 185 3249 92 5 93 453 
3272 1201 3273 999 432 4 3274 1499 3275 7 3276 202 1682 169 1265 3277 55 5 3278 644 55 3279 4 3280 3281 1265 
18 3282 273 3283 72 3284 83 1809 289 3285 525 432 169 3286 3287 482 120 4 3288 5 887 3289 3290 3291 3292 312 
331 2070 3293 169 112 2748 12 1843 3156 129 3 3294 3295 254 284 1435 79 383 5 2500 3296 3297 
5 62 202 393 3298 729 3259 227 169 704 1029 1097 1322 
241 1217 3299 107 3300 169 3301 55 1148 3302 3303 3304 
3305 3306 25 49 3307 12 3308 762 592 383 5 254 3309 3310 
3311 3312 3313 3314 454 3315 3316 7 3317 3318 25 3319 7 5 260 
18 3246 20 3247 3 305 177 3248 102 3249 92 3250 62 7 3251 185 3249 92 5 93 453 
3320 553 2509 214 3321 138 304 60 213 391 3322 383 303 
5 591 1224 2989 2990 3323 12 2764 1229 1453 289 1795 320 260 3324 
206 3325 406 3326 3327 29 5 207 3 3328 289 3329 3330 197 2989 2990 3331 3332 3333 2003 3334 
3335 3336 2638 3337 3338 3339 3340 5 152 
49 215 1315 3341 3342 1227 25 5 3 3251 3343 273 2273 3344 762 3 1694 432 12 3345 579 3346 3347 
3 120 5 3348 459 96 97 3349 4 3350 7 45 120 169 69 3351 55 4 3352 177 4 3353 3354 
5 213 193 4 1678 349 55 4 3355 1640 278 3356 
241 3357 1340 3358 51 3 3359 3360 3361 
241 811 3362 7 3363 3364 1227 260 1552 2006 3365 260 736 3366 
20 734 80 735 736 3367 3368 289 3369 457 3370 
18 3371 3372 3373 25 3374 1751 5 3375 3376 3377 3378 1551 3379 3365 3380 
3381 890 3382 4 1871 5 1224 66 4 1228 3383 
185 107 225 3384 890 3385 3386 3387 3388 3389 3 98 3390 2985 3 3391 200 3392 306 495 3393 393 1552 3 3394 
3395 3396 79 154 80 100 5 615 746 122 83 197 1112 630 
55 120 49 5 3397 20 769 3259 169 1974 3398 3399 1272 3400 2175 213 3401 
3402 5 3403 3404 579 278 214 2159 331 508 20 3405 21 3406 
3407 3408 1347 3409 1347 5 1289 3410 356 202 69 3411 3412 
5 1223 1224 55 1228 1555 662 3413 3 3092 2990 2003 3414 
18 3415 5 45 3416 432 43 3417 7 3418 7 547 177 3419 432 1101 1056 169 1436 7 579 72 3420 120 20 3421 312 
3422 4 572 3423 3424 12 225 2617 3 3425 3426 623 4 430 213 3427 
3428 890 1097 594 829 31 3429 2646 3430 5 594 4 3431 3432 393 459 131 1029 704 
3433 393 3434 20 1054 459 594 177 55 27 
20 394 1657 3 3435 177 20 394 80 197 169 5 623 3436 391 213 79 90 762 55 90 3437 20 154 80 3438 7 3439 
5 107 4 1730 3440 3441 
1228 2862 1871 1681 3442 193 2989 5 2990 3443 4 1871 1223 1594 1446 3444 3445 
3446 20 154 416 5 1186 105 3447 2659 848 2615 3 232 432 3448 3449 3450 3451 207 727 55 349 428 278 3452 3453 
20 41 3454 54 3455 83 182 3456 3457 3458 5 3025 166 278 1095 1699 982 4 774 66 206 3459 644 3165 3460 
3461 3462 3463 5 3464 254 169 3465 3466 3467 3468 3469 3470 3471 
4 1325 3472 230 4 2013 55 4 3260 3 4 5 3473 
3474 1494 69 616 3 30 3475 2685 2928 4 3476 797 
936 1185 122 107 3477 7 49 5 196 107 3478 20 305 20 80 51 80 100 3479 741 3480 7 686 2495 391 3 4 2985 
3481 1124 1044 79 3482 80 229 83 3483 66 80 5 
331 213 5 3484 994 273 1980 3485 682 69 29 428 471 3 233 1120 3486 3 3487 1056 3488 682 3489 
3490 3490 3491 111 3492 230 83 3493 62 2509 5 3494 1438 
3495 2466 20 428 711 3 1297 189 88 482 20 501 490 797 
18 3235 3224 3225 3226 3227 2633 469 3228 3229 393 273 3230 4 5 1228 1229 644 1873 644 80 3231 169 3232 3233 3236 312 
18 3496 5 213 4 249 3497 541 1460 3498 12 3499 55 4 1097 31 1017 623 1362 80 3500 3501 
20 889 5 213 2438 4 3502 12 1577 667 3503 25 62 2288 12 31 3 3504 1000 1228 3505 
3506 2659 3507 5 1224 1446 1449 2858 2859 3508 3509 233 3510 3511 3512 
3513 5 591 1224 204 3514 230 182 1228 1229 3515 1873 1764 3516 169 1699 7 182 2766 3517 
18 3518 5 591 1224 204 3514 230 182 1228 1229 3515 1873 1764 3516 169 1699 7 182 2766 3519 
18 3520 20 889 5 213 2438 4 3502 12 1577 667 3503 25 62 2288 12 31 3 3504 1000 1228 3505 
18 3520 20 889 5 213 2438 4 3502 12 1577 667 3503 25 62 2288 12 31 3 3504 1000 1228 3505 
2893 3521 3522 2894 3523 
3524 3525 154 1990 3526 1265 3527 421 4 3528 3529 12 5 3530 3531 
3532 3533 1693 12 5 3534 3 3535 
241 3536 1446 3537 3538 7 3539 3540 3541 
3542 3543 213 4 250 2379 254 289 189 206 3544 3545 3546 5 213 3547 3548 1114 3549 
459 1011 193 97 350 2185 55 4 1097 31 1466 189 233 155 169 3550 213 3551 1471 250 3552 3553 66 233 3554 3555 
76 4 3556 169 225 3557 3558 3559 1289 3560 2780 41 20 662 24 3561 
12 893 169 1869 2922 3 24 80 3562 12 1015 55 4 3563 1082 121 122 1 3564 69 305 69 686 55 3565 2504 
3566 453 3567 3076 302 12 5 3568 184 1290 3569 4 3570 3571 177 459 29 207 55 1688 453 177 213 184 3572 202 3573 
3574 184 130 3575 80 3576 3577 225 83 2540 3578 3579 3580 12 1681 1002 391 29 125 3581 3582 278 4 3583 
5 83 1446 1449 1228 3584 459 3585 80 3586 3587 55 4 3588 3589 1114 3590 
3591 5 83 1446 1449 1228 3584 459 3585 80 3586 3587 55 4 3588 169 1681 3592 3593 
3594 3595 1032 383 4 3596 3597 273 513 2140 3598 5 3599 3600 3601 3602 3603 
5 83 1446 1449 1228 3584 459 3585 80 3586 3587 55 4 3588 169 1681 3592 3604 846 
3605 3606 3607 3608 3 5 152 
3609 522 3610 5 3611 3612 3613 3614 482 963 428 55 3615 592 3616 3298 3617 
3618 3619 4 1880 240 62 3620 3621 
129 130 131 52 5 1186 929 20 29 3622 
240 1223 1224 55 1423 1555 662 3413 3 3092 2990 2003 3414 
898 107 3623 20 753 3624 704 895 66 225 3625 201 3626 120 3627 
3628 3629 240 1223 1224 55 1423 1555 662 3413 3 3092 2990 2003 3630 
18 3631 1693 26 66 49 3632 25 5 3633 3634 3635 3636 3637 3638 
3639 3640 3641 3642 2033 7 5 682 3643 1811 3644 3645 3646 1597 592 
3647 3648 12 3649 231 3650 3651 391 185 214 3652 240 3653 
18 3654 100 3655 974 55 3656 3657 107 3658 3659 169 3660 3661 66 3662 3663 3664 3665 5 289 1569 3666 312 
3667 1449 2858 3668 80 3669 591 197 55 2540 225 3670 3671 912 2540 3672 169 182 3673 3674 2540 413 3675 5 213 278 3452 
3676 3677 7 588 2185 3678 3679 579 55 1688 458 3680 1323 29 3681 3350 169 27 60 
5 591 1224 2989 2990 3323 12 2764 1229 1453 289 1795 320 260 3682 
3683 3684 3685 640 487 3 3686 502 107 490 
3687 826 428 2498 579 3688 49 3689 25 5 
18 2797 5 591 197 1446 3690 3691 2659 131 428 3692 1699 615 3 3509 1000 3510 1166 
18 2797 3693 3694 3435 333 96 21 2003 3577 5 591 197 1446 1449 12 2724 3695 1424 83 182 1229 
18 2797 5 591 197 1446 3690 3691 2659 131 428 3692 1699 615 3 3509 1000 3510 1166 
18 2797 5 591 197 1446 3690 3691 2659 131 428 3692 1699 615 3 3509 1000 3510 1166 
18 2797 3693 3694 3435 333 96 21 2003 3577 5 591 197 1446 1449 12 2724 3695 1424 83 182 1229 
3696 3697 7 3698 3699 213 428 3700 2003 3577 5 591 197 166 1223 1224 1446 1449 
3701 18 2797 5 591 197 1446 3690 3691 2659 131 428 3692 1699 615 3 3509 1000 3510 1166 
18 3702 3703 3704 66 3705 3706 202 3707 12 4 3708 1016 704 895 12 120 5 3709 312 
3710 5 591 197 1446 3690 3691 2659 131 428 3692 1699 615 3 3509 1000 3510 3711 273 213 3712 
18 2797 3696 3697 7 3698 3699 213 428 3700 2003 3577 5 591 197 166 1223 1224 3713 312 
18 2797 3693 3694 3435 333 96 21 2003 3577 5 591 197 1446 1449 12 2724 3695 1424 83 182 1229 
3714 18 2797 5 591 197 1446 3690 3691 2659 131 428 3692 1699 615 3 3509 1000 3510 1166 
18 3715 3021 3022 3023 3024 3 3025 469 278 3 3026 3027 166 3028 92 3029 3030 3031 3032 549 356 383 5 2991 312 
18 2797 5 591 197 1446 3690 3691 2659 131 428 3692 1699 615 3 3509 1000 3510 1166 
18 2797 3693 3694 3435 333 96 21 2003 3577 5 591 197 1446 1449 12 2724 3695 1424 83 182 1229 
18 2797 3693 3694 3435 333 96 21 2003 3577 5 591 197 1446 1449 12 2724 3695 1424 83 182 1229 
18 2797 5 591 197 1446 3690 3691 2659 131 428 3692 1699 615 3 3509 1000 3510 1166 
855 1446 1449 2858 3716 7 3717 1229 3584 5 591 3718 3719 1114 3720 
18 2797 3693 3694 3435 333 96 21 2003 3577 5 591 197 1446 1449 12 2724 3695 1424 83 182 1229 
5 197 1153 97 2723 12 2724 2725 2726 15 3721 
18 3722 3723 66 3724 1173 3725 5 3726 3727 
18 2797 3696 3697 7 3698 3699 213 428 3700 2003 3577 5 591 197 166 1223 1224 3713 312 
189 3728 391 21 3729 289 5 591 3730 3731 2659 3732 428 3692 1699 3733 457 3509 1000 3734 1166 1016 2759 3735 3736 
3737 3738 3739 3740 3741 1593 5 3742 3743 465 459 3744 3745 391 193 
1147 1148 5 197 1153 97 2723 12 2724 2725 2726 15 3746 1151 
18 3747 3737 3738 3739 3740 3741 1593 5 3742 3743 465 459 3744 3745 391 193 
18 2797 5 591 197 1446 3690 3691 2659 131 428 3692 1699 615 3 3509 1000 3510 1166 
18 3748 129 130 71 184 5 3626 3749 469 80 3750 247 55 1375 3751 3752 3753 
260 320 3754 3755 12 253 595 184 829 3756 3757 5 62 3758 3759 3760 
3754 3755 12 253 595 184 829 3756 3757 5 62 3758 3761 2924 3762 3763 
495 3764 3765 5 591 197 1446 3690 3691 2659 131 428 3692 1699 615 3 3509 1000 3510 1166 
18 2797 3693 3694 3435 333 96 21 2003 3577 5 591 197 1446 1449 12 2724 3695 1424 83 182 1229 
18 3766 898 107 3623 20 753 3624 704 895 66 225 3625 201 3626 120 3627 
41 13 97 3767 18 3768 3769 3770 3771 5 304 
18 3766 898 107 3623 20 753 3624 704 895 66 225 3625 201 3626 120 3627 
3772 97 5 3773 3774 3775 3776 3777 3778 1086 18 3779 18 3780 131 890 3457 3781 2638 
5 62 3758 3761 2924 80 250 3782 1587 107 4 5 1241 169 2500 7 3783 679 335 3784 312 3785 
3786 116 3787 3788 495 3789 1856 3790 1534 4 5 591 1224 1508 1494 4 1228 3791 
20 185 495 496 66 3792 3793 278 15 3794 393 5 197 1290 131 1228 3795 2997 55 4 3796 3797 
18 3798 1508 3799 3800 20 3801 3802 196 230 3803 704 895 66 225 3625 201 3626 120 974 3804 312 
3805 3806 726 3807 3808 20 154 5 393 8 80 3750 797 
18 2797 5 591 197 1446 3690 3691 2659 131 428 3692 1699 615 3 3509 1000 3510 1166 
2246 2659 3507 5 1224 1446 1449 2858 2859 3508 2147 3509 233 3510 3809 3810 
241 3360 3811 3812 169 3813 3814 3815 3577 3816 3817 
3818 3819 213 4 5 1186 4 238 644 331 3820 154 3821 
3822 764 213 686 3823 164 1 3824 12 1 3825 7 1 5 3826 1204 391 3827 289 3828 3829 
3830 391 204 3 97 52 5 3831 3832 7 164 107 4 1034 682 1030 
3833 3834 3835 1078 202 3836 169 5 3009 15 750 3837 3838 
3839 3840 3841 5 3842 3843 3844 3845 
18 3846 3847 3848 1086 3849 3850 5 3851 
18 2797 5 591 197 1446 3690 3691 2659 131 428 3692 1699 615 3 3509 1000 3510 1166 
3852 202 5 55 1078 3406 333 3853 484 107 3854 12 3855 3856 3857 83 3858 3859 3860 12 3861 3862 
2246 2659 3507 5 1224 1446 1449 2858 2859 3508 2147 3509 233 3510 3511 
5 132 3863 687 3 3864 3865 
214 3866 3867 3868 3869 1265 3870 3871 974 3872 482 8 43 953 5 3873 3874 453 689 
29 747 941 432 1000 5 132 381 1003 69 3875 
18 3876 214 3866 3867 3868 3869 1265 3870 3871 974 3872 482 8 43 953 5 3873 3877 312 
241 100 3300 977 96 3878 3879 295 4 3880 3881 
18 388 5 197 3882 55 3883 3884 3885 3886 
3887 436 3888 3889 3890 3891 454 3892 3893 3894 3895 5 
18 388 5 197 3882 55 3883 3884 3885 3886 
18 388 5 197 3882 55 3883 3884 3885 3886 
130 154 52 5 929 20 195 20 131 886 152 
18 388 5 197 3882 55 3883 3884 3885 3886 
18 3896 391 3897 10 197 3898 3899 3900 1872 3901 3577 80 224 460 974 3902 240 2991 312 
18 388 5 197 3882 55 3883 3884 3885 3886 
18 388 5 197 3882 55 3883 3884 3885 3886 
3903 2930 1843 3904 55 240 3905 3906 2498 
3907 3908 20 3909 391 464 97 3910 20 3435 49 654 5 4 3911 762 7 185 3912 92 1272 1325 3913 391 3914 20 464 1003 3 3915 
241 2983 51 3 2982 3916 
18 388 5 197 3882 55 3883 3884 3885 3886 
747 1095 432 985 1000 5 3917 687 3 207 829 701 
18 388 5 197 3882 55 3883 3884 3885 3886 
18 3918 5 197 3882 55 3883 3884 3885 3919 3920 
18 388 5 197 3882 55 3883 3884 3885 3886 
18 388 5 197 3882 55 3883 3884 3885 3886 
18 388 5 197 3882 55 3883 3884 3885 3886 
3921 18 388 5 197 3882 55 3883 3884 3885 3922 
5 197 3882 55 3883 3884 3885 3923 
5 197 3882 55 3883 3884 3885 3924 
3925 5 197 3882 55 3883 3884 3885 289 3926 3526 3927 241 
18 388 5 197 3882 55 3883 3884 3885 3886 
3928 20 154 3326 3 3929 5 3930 
467 18 388 5 197 3882 55 3883 3884 3885 3931 
3932 4 3933 3934 247 13 3935 
3936 4 3937 207 3938 3939 5 3940 
18 3941 3936 4 3937 207 3938 3939 5 3940 
18 3941 3936 4 3937 207 3938 3939 5 3940 
18 3941 3936 4 3937 207 3938 3939 5 3940 
18 3941 3936 4 3937 207 3938 3939 5 3940 
257 5 197 3882 55 3883 3884 3942 3943 57 3944 177 4 3945 3946 4 3947 3948 3949 241 
3950 7 3951 3952 3953 3954 3955 3956 869 3957 3953 5 3958 
3959 1022 3960 305 3961 1201 5 393 1437 3962 
3963 3964 3965 3966 3967 3965 3968 3969 3970 3971 3972 650 3973 3974 3975 3976 3965 484 3965 3977 3978 3979 3980 27 
5 197 3882 55 3883 3884 3885 289 3981 3982 3983 
354 213 3984 3985 3986 3987 4 3988 3984 3989 213 80 3990 3991 169 4 287 3992 
18 3993 233 5 3994 3995 2913 3996 3997 1000 3998 3994 3999 1677 4000 4001 312 
18 611 240 4002 3882 55 3883 3884 3885 4003 
1124 18 388 5 197 3882 55 3883 3884 3885 4004 
1974 80 4005 12 4006 5 1095 69 1528 3343 1681 686 441 97 72 177 4007 
5 1223 1224 55 1228 1555 2789 1964 3767 421 4008 4009 
4010 982 4 4011 4 4012 3487 1056 1265 107 4013 
4014 5 4015 4016 4017 4018 4019 4020 682 158 4021 
1494 69 4022 5 3372 213 83 4023 4024 502 4025 12 4026 4027 169 120 547 4028 4029 
20 650 43 1272 5 331 4030 66 49 4031 4032 7 177 20 96 3733 97 72 177 189 4033 4034 
5 1224 1453 2763 2764 1424 66 182 2766 83 4035 1229 4036 1114 4037 
5 96 131 4038 7 1292 96 131 4039 4040 2128 18 4041 522 204 80 4042 4043 4044 3169 682 
4045 79 193 4 181 3435 587 43 5 4046 62 3700 4047 855 169 1426 
4048 4049 709 284 3204 4050 4051 4052 55 27 60 
5 591 197 1446 1449 25 4053 49 1681 4054 432 1265 421 4055 80 297 289 4056 
726 2129 20 3492 107 5 110 7 305 1272 1000 332 29 97 3767 4057 184 333 111 4058 1688 
349 213 79 1285 55 4059 169 432 189 20 1299 471 1078 4060 383 2985 4061 4062 4063 4064 4065 4066 
4067 20 70 4068 49 704 5 3438 7 3439 682 
4069 289 260 4070 289 2211 29 5 207 3 2212 2213 1223 1224 1508 1872 2214 169 1228 66 1421 4071 
4072 4073 225 4074 4075 213 3485 4076 4077 250 2095 231 1114 4078 4079 4080 
236 55 4081 3625 4082 169 4083 4084 4085 5 656 
1974 80 835 4086 4087 240 4088 
4089 20 155 80 4090 4091 55 5 652 
241 4092 459 202 80 4093 24 1227 828 4094 
4095 4096 4 1140 3365 80 215 4097 4098 12 5 4099 3365 273 4100 7 3111 206 4101 
4102 4103 4095 4096 4 4104 83 4097 4098 12 5 62 166 2770 273 4100 4105 4106 
5 591 197 1446 1449 25 4107 49 1681 4054 432 4108 4109 
208 72 1693 1486 3 957 52 5 4110 70 4111 
120 4 5 621 349 169 4112 7 679 62 4113 55 4059 169 432 202 120 4114 4115 
18 4116 18 4117 2237 12 4118 356 289 2063 4119 4120 4121 4122 4123 
18 4124 4072 4073 225 4074 4075 213 3485 4076 4077 250 2095 231 1114 4078 4079 4080 
4125 49 770 55 4126 25 260 4127 4128 2015 1870 4129 189 72 936 383 2529 5 694 1843 4130 
2913 27 55 1990 227 332 4131 60 8 4132 3951 4133 4134 
4135 432 92 4136 4137 107 5 4138 4139 4140 1114 735 4141 4142 4143 4144 4136 4137 4145 
4146 233 535 680 4147 4148 502 1272 5 4149 122 250 107 4 1022 1097 31 1023 4150 4151 
18 4152 4095 4096 4 1140 3365 80 215 4097 4098 12 5 4099 3365 273 4100 7 3111 206 4153 
18 4154 18 4152 4095 4096 4 1140 3365 80 215 4097 4098 12 5 4099 3365 273 4100 7 3111 206 4155 312 
4156 961 406 4157 55 5 72 432 4158 2498 
4159 4160 4161 794 4162 122 3 225 4163 
4164 83 4165 4166 4167 196 7 2548 3614 4 240 197 1508 154 4 4168 1229 
3201 4169 791 301 487 3 27 2159 29 2160 592 
747 887 4170 711 52 5 4171 682 4172 
20 1003 490 333 4173 49 4174 4175 
18 3715 4102 4103 4095 4096 4 4104 83 4097 4098 12 5 62 166 2770 273 4100 4105 4106 
273 2686 3049 1040 213 2599 80 4176 213 4177 4 4178 80 1224 25 4179 225 69 131 80 4180 4181 963 278 829 4182 4183 
2921 80 4184 4185 169 1272 4186 202 1022 12 2011 7 177 3871 169 502 202 4187 55 233 4188 4189 4190 
4191 5 591 197 1446 1449 7 3717 2474 4192 4193 25 4 437 7 4194 4195 4196 4197 
4198 4199 4200 391 185 409 20 4201 55 1250 335 482 20 4202 3 471 5 7 1638 1869 55 4 335 4203 2126 4204 
4205 5 3256 4206 4207 3770 4208 152 797 
4209 4210 4211 2459 5 197 2466 200 154 4212 4213 55 1688 4214 2466 
4215 49 5 1073 4216 391 213 890 4217 4 4218 4219 4220 592 
4221 4222 20 24 4032 4223 273 4224 20 96 1731 4225 4226 2340 1764 55 4 2733 4227 4228 4229 
29 20 133 4230 5 132 4231 
890 332 3 51 100 4232 459 1094 4233 4234 3 669 1630 166 4235 1265 110 416 487 4236 177 90 1265 4237 4229 
890 332 3 51 100 4232 459 1094 4233 4234 3 669 1630 166 1006 1265 110 416 487 4236 177 90 1265 4237 4229 
4 3259 4238 4239 79 829 4240 4241 333 4242 1223 1681 4243 3 1402 107 490 
18 2839 459 131 233 4244 4245 1448 273 2025 107 5 4246 1467 3298 97 746 992 206 695 4247 4248 4249 4250 
3408 4251 4252 4253 4254 4255 5 4256 4257 
4258 3 3435 273 189 5 213 2652 4259 4260 393 278 302 4261 
4262 5 4263 1229 138 4264 
202 5 686 2377 177 4265 4266 2828 460 332 20 185 107 1171 20 769 4 4267 177 4268 4269 
4270 213 55 5 3278 4271 
241 1217 4272 3 4273 4274 644 4275 4276 4277 4278 4279 4280 
4281 3259 4282 4283 4284 25 225 3911 4285 1085 122 7 958 72 80 4286 1054 20 2102 4061 856 
4287 711 432 957 5 3438 7 4288 12 69 1370 4289 4290 
391 464 97 1315 184 69 120 29 79 4291 72 4292 4293 469 4294 4293 4295 
4296 4297 1648 5 4298 4299 4300 3820 327 97 4301 4302 4303 4304 5 3728 4305 333 4306 4307 1869 55 4308 
4309 1 3090 43 240 7 164 4310 4 4311 3 4312 4313 213 248 450 4314 4315 889 4316 
5 2789 3943 4317 4318 4319 3 4320 4321 169 3945 289 2759 320 1148 3926 4322 3948 4323 
20 686 4324 1278 4 5 4325 20 4326 4327 
5 2789 3943 4317 4318 4319 3 4320 4321 169 3945 4328 
4287 4067 278 1693 225 206 83 4329 4290 
5 2789 3943 4317 4318 4319 3 4320 4321 169 3945 4330 241 
1290 1482 1467 1383 4 1332 5 4331 55 1990 2465 21 69 4332 4333 7 4061 4334 502 4335 
5 2789 3943 4317 4318 4319 3 4320 4321 169 3945 4336 265 266 267 268 
4337 335 4203 807 384 2019 383 4338 4339 4340 
5 2789 3943 4317 4318 4319 3 4320 4321 169 3945 4341 
4 5 1228 736 4342 2789 406 96 4343 83 2377 4344 182 1421 2789 4345 
269 5 2789 3943 4317 4318 4319 3 4320 4321 169 4346 252 4 4347 4348 241 
129 130 131 52 5 132 20 29 985 83 4349 4350 
4351 184 963 4352 80 5 4282 4353 886 111 97 1856 7 1204 80 1228 736 66 1699 3404 1407 450 633 3 1422 391 3223 4354 
241 241 2744 241 2745 2789 3943 4317 4318 4319 3 4320 4355 4356 266 
4357 189 20 79 4358 177 4 5 4359 2789 4360 1207 4361 4362 
20 3487 391 1856 177 3666 5 591 197 213 741 4363 12 4364 182 1228 4365 182 4366 166 4367 391 3728 3279 182 4368 4369 
299 5 2789 3943 4317 4318 4319 3 4320 4321 169 3945 4370 
18 4371 20 3487 391 1856 177 3666 5 591 197 213 741 4363 12 4364 182 1228 4365 182 4366 166 4367 391 3728 80 312 
4372 18 4373 4374 4375 5 
18 611 240 1223 1224 55 1423 1555 2789 1964 3767 421 4008 4009 
4376 982 4377 4378 4379 4380 4381 3911 421 636 864 4382 
18 611 240 1223 1224 55 1423 1555 2789 1964 3767 421 4008 4009 
164 120 43 4383 4384 
4010 982 4 4011 4385 80 4386 3487 1056 1265 107 4387 
4388 4389 331 213 4 4390 303 4391 4392 1086 
5 1223 1966 1228 3584 2659 169 1421 4393 1279 4394 4395 
4396 4397 471 4398 4 5 3832 686 154 20 4399 
4400 4401 21 4402 4403 2340 96 4404 83 2759 1869 4405 
4191 5 591 197 1446 1449 7 3717 2474 4192 4193 25 4 437 4406 1114 3590 
18 4407 187 457 4408 1688 965 83 4 2985 4409 43 1272 893 55 5 202 393 4410 4411 1052 4412 
4010 982 4 4011 3783 4413 7 4 4414 169 4415 4416 3487 1056 1265 107 4417 
18 3520 4 5 1228 736 4342 2789 406 96 4343 83 2377 4344 182 1421 2789 4345 
184 3076 5 2990 4418 3076 1693 3 4419 4420 169 1702 1869 988 848 623 3492 4421 1201 393 4422 4423 3435 1422 4424 1597 
4425 4 4426 4427 4428 644 4 4429 4430 4431 4432 864 
4433 1648 4434 4435 4436 1648 5 4437 1648 4438 4439 682 
4440 165 7 4441 432 43 4 4442 169 4 3102 4443 55 5 7 3326 432 278 3 4444 1000 4445 20 848 4446 
4447 3 1041 4448 315 1711 4449 4450 3 2237 55 4 1783 4451 31 1017 7 1598 5 3 21 2185 1213 4452 4453 
5 1223 1224 55 1423 1555 662 3413 3 3092 2990 2003 3414 
18 4454 4191 5 591 197 1446 1449 7 3717 2474 4192 4193 25 4 437 4406 1114 4455 312 
7 20 96 4450 3 4456 333 111 4457 189 709 83 4458 2530 1960 20 96 4450 3 912 49 1228 1425 66 4 4459 
5 2789 3943 4317 4318 4319 2784 3 4320 4321 169 4346 5 2789 3943 4317 4460 4461 
4462 69 441 471 4463 107 4464 4465 66 5 7 4466 
240 1223 1966 1423 3584 2659 169 1421 4393 1279 4394 4467 
5 197 3882 55 3883 3884 3885 4003 
273 4468 1040 213 4469 5 12 4470 66 4471 4472 
4473 1292 213 215 4474 2617 3 5 469 522 
4475 807 5 4476 4477 
5 193 154 80 2460 169 4478 4479 676 273 1871 3102 177 3671 1422 1000 4480 4481 3223 4422 4482 811 
4483 4484 4485 1154 941 4486 4487 125 303 
4488 20 4489 923 471 4490 893 4491 4492 726 3281 1961 107 5 4493 961 2498 
18 310 3943 4317 4318 4319 3 4320 4321 169 3945 4494 3 97 177 169 3882 5 3947 197 4495 312 
4496 4497 3503 69 4498 1013 5 4499 189 4 422 459 71 213 393 4500 
3834 1224 193 4501 4502 55 4503 4504 4505 4506 
4507 60 107 4 2073 169 4 5 197 1508 1368 80 3329 3330 66 182 4508 
4509 4510 18 611 240 1223 1224 55 1423 1555 2789 1964 3767 421 4008 4511 
7 20 1740 49 4512 686 204 80 4513 4514 4515 919 1056 3 120 2770 7 62 55 5 273 4516 4517 
129 130 131 80 5 929 20 29 133 4518 682 
5 2789 3943 4317 4318 4319 2784 3 4320 4321 169 3945 289 4519 3982 3983 
18 4520 482 96 333 2147 4521 7 333 202 4522 490 1272 4523 4524 
18 4520 482 96 333 2147 4521 7 333 202 4522 490 1272 4523 4524 
18 4520 482 96 333 2147 4521 7 333 202 4522 490 1272 4523 4524 
18 4520 482 96 333 2147 4521 7 333 202 4522 490 1272 4523 4524 
18 4520 482 96 333 2147 4521 7 333 202 4522 490 1272 4523 4524 
18 4520 482 96 333 2147 4521 7 333 202 4522 490 1272 4523 4524 
18 4520 482 96 333 2147 4521 7 333 202 4522 490 1272 4523 4524 
18 4520 482 96 333 2147 4521 7 333 202 4522 490 1272 4523 4524 
18 4520 482 96 333 2147 4521 7 333 202 4522 490 1272 4523 4524 
18 4520 482 96 333 2147 4521 7 333 202 25 490 1272 4523 4525 
18 4520 482 96 333 2147 4521 7 333 202 4522 490 1272 4523 4524 
18 4520 482 96 333 2147 4521 7 333 202 4522 490 1272 4523 4524 
18 4520 482 96 333 2147 4521 7 333 202 4522 490 1272 4523 4524 
4526 110 29 4527 1402 471 5 189 1290 4528 25 4529 4530 4531 4532 1887 4533 
18 4520 482 96 333 2147 4521 7 333 202 4522 490 1272 4523 4524 
18 4520 482 96 333 2147 4521 7 333 202 4522 490 1272 4523 4524 
110 72 187 29 471 7 4534 482 96 333 2147 4521 7 333 202 4522 490 1272 4523 4535 
5 591 1224 2989 2990 3323 12 2764 1229 1453 289 1795 320 260 4536 1114 2597 
18 4520 482 96 333 2147 4521 7 333 202 4522 490 1272 4523 4524 
18 4537 4526 110 29 4527 1402 471 5 189 1290 4528 25 4529 4530 4531 4532 1887 4533 
4496 4538 3201 4539 1508 2320 213 5 743 4540 111 1095 432 3487 1869 55 1688 7 4541 1869 
177 4542 4543 4544 1096 18 4520 482 96 333 2147 4521 7 333 202 4522 490 1272 4523 4545 
18 4520 482 96 333 2147 4521 7 333 202 4522 490 1272 4523 4524 
18 4520 482 96 333 2147 4521 7 333 202 4522 490 1272 4523 4524 
4546 1078 4 4547 4548 18 383 4549 482 96 333 2147 4521 7 333 202 4522 490 1272 4550 4551 
18 4552 177 4542 4543 4544 1096 18 4520 482 96 333 2147 4521 7 333 202 4522 490 1272 4523 546 312 
18 4520 482 96 333 2147 4521 7 333 202 4522 490 1272 4523 4524 
4553 213 4554 607 4555 18 4556 482 96 333 2147 4521 7 333 202 4522 490 1272 4523 4557 
18 4520 482 96 333 2147 4521 7 333 202 4522 490 1272 4523 4524 
18 4520 482 96 333 2147 4521 7 333 202 4522 490 1272 4523 4524 
4558 122 110 4559 482 96 333 2147 4521 7 333 202 4522 490 1272 4523 4560 
18 4520 482 96 333 2147 4521 7 333 202 4522 490 1272 4523 4524 
18 4520 482 96 333 2147 4521 7 333 202 4522 490 1272 4523 4524 
18 4561 4558 122 110 4559 482 96 333 2147 4521 7 333 202 4522 490 1272 4523 4560 
18 4520 482 96 333 2147 4521 7 333 202 4522 490 1272 4523 4524 
4562 5 686 55 4 776 12 4 31 1275 
4563 482 96 333 2147 4521 7 333 202 4522 490 1272 4523 4564 1013 2073 169 4565 4566 
18 4520 482 96 333 2147 4521 7 333 202 4522 490 1272 4523 4524 
18 4520 482 96 333 2147 4521 7 333 202 4522 490 1272 4523 4567 
3667 1449 3 3092 2990 4281 4568 182 3413 3 27 
241 241 2744 241 4569 3492 12 792 3 4570 55 5 577 4571 4572 266 
80 2460 1265 240 1223 1224 55 1423 1555 2789 1964 3767 421 4008 4573 4574 4575 4576 
18 3876 214 3866 3867 3868 3869 1265 3870 3871 974 3872 482 8 43 953 5 3873 3877 312 
18 4520 482 96 333 2147 4521 7 333 202 4522 490 1272 4523 4524 
4 4577 4578 4579 240 1114 4580 4581 
1224 1508 1872 2764 1425 15 2789 5 4281 83 549 3032 4582 
18 4583 4 4584 18 4585 18 4520 482 96 333 2147 4521 7 333 202 25 490 1272 4523 311 312 
4586 898 898 4587 4588 107 4589 4590 206 900 5 469 4591 4592 3168 432 4593 66 4594 4595 4596 592 
2509 207 69 305 177 5 591 3718 7 4597 2509 207 69 305 177 5 591 3718 7 4598 4599 
18 4520 482 96 333 2147 4521 7 333 202 4522 490 1272 4523 4524 
18 4600 4601 4602 5 18 4603 4604 381 4605 4606 
18 4520 482 96 333 2147 4521 7 333 202 4522 490 1272 4523 4524 
1224 1508 1872 2764 1425 15 2789 5 4281 83 549 3032 4607 1114 4037 
4608 20 79 2552 4609 4 1856 5 1224 2789 406 4610 278 4376 992 4611 4 4612 4613 331 4614 2830 1869 4409 4615 
18 4520 482 96 333 2147 4521 7 333 202 4522 490 1272 4523 4524 
18 4616 4617 4618 941 69 471 349 1402 469 3 442 644 4619 4620 4621 4622 331 129 5 4623 4 4624 4625 312 
18 4616 4617 4618 941 69 471 349 1402 469 3 442 644 4619 4620 4621 4622 331 129 5 4623 4 4624 4625 312 
18 4616 4617 4618 941 69 471 349 1402 469 3 442 644 4619 4620 4621 4622 331 129 5 4623 4 4624 4625 312 
18 4616 4617 4618 941 69 471 349 1402 469 3 442 644 4619 4620 4621 4622 331 129 5 4623 4 4624 4625 312 
18 4616 4617 4618 941 69 471 349 1402 469 3 442 644 4619 4620 4621 4622 331 129 5 4623 4 4624 4625 312 
18 4616 4617 4618 941 69 471 349 1402 469 3 442 644 4619 4620 4621 4622 331 129 5 4623 4 4624 4625 312 
18 4616 4617 4618 941 69 471 349 1402 469 3 442 644 4619 4620 4621 4622 331 129 5 4623 4 4624 4625 312 
18 4616 4617 4618 941 69 471 349 1402 469 3 442 644 4619 4620 4621 4622 331 129 5 4623 4 4624 4625 312 
18 4616 4617 4618 941 69 471 349 1402 469 3 442 644 4619 4620 4621 4622 331 129 5 4623 4 4624 4625 312 
18 4616 4617 4618 941 69 471 349 1402 469 3 442 644 4619 4620 4621 4622 331 129 5 4623 4 4624 4625 312 
18 4616 4617 4618 941 69 471 349 1402 469 3 442 644 4619 4620 4621 4622 331 129 5 4623 4 4624 4625 312 
18 4616 4617 4618 941 69 471 349 1402 469 3 442 644 4619 4620 4621 4622 331 129 5 4623 4 4624 4625 312 
18 4626 4627 4628 890 432 823 4629 4630 4631 4630 890 4632 4633 4634 4635 864 4636 4637 
1153 97 79 1627 295 432 4638 2147 458 4 5 591 454 7 4 1763 591 1224 1555 4639 1627 305 591 62 202 4640 1572 
18 4616 4617 4618 941 69 471 349 1402 469 3 442 644 4619 4620 4621 4622 331 129 5 4623 4 4624 4625 312 
18 4616 4617 4618 941 69 471 349 1402 469 3 442 644 4619 4620 4621 4622 331 129 5 4623 4 4624 4625 312 
5 591 1224 2989 2990 3323 12 2764 1229 1453 289 1795 320 1964 4641 1114 4642 
18 4520 482 96 333 2147 4521 7 333 202 4522 490 1272 4523 4524 
4643 116 79 83 4 5 1068 1146 25 193 705 4 4277 169 297 32 4644 
4645 5 4646 2951 4647 
18 4616 4617 4618 941 69 471 349 1402 469 3 442 644 4619 4620 4621 4622 331 129 5 4623 4 4624 4625 312 
18 4648 5 4649 4650 531 3984 4651 66 4652 4653 4654 289 289 328 233 1763 736 289 4655 
4656 3203 4005 3 5 7 1605 4657 4658 
241 1099 632 2290 3 4659 4660 4661 4662 
241 4663 4664 3 51 122 55 252 4665 4666 
