0 1 2 3 4 5 6 7 8 9 10 11 12 
13 14 15 16 17 18 19 20 1 21 3 22 
23 24 25 26 27 17 28 29 8 30 2 3 31 32 33 
34 3 4 35 36 
37 38 39 40 41 3 31 42 43 44 45 46 47 48 49 50 26 49 51 52 
53 54 55 56 57 58 59 49 3 5 60 61 8 62 63 53 64 58 65 66 56 67 68 
37 69 70 71 72 73 49 74 75 76 19 49 3 4 77 78 79 80 81 82 83 
84 85 86 28 87 88 89 58 90 91 58 65 92 1 93 58 94 95 49 96 97 98 99 100 101 
102 103 104 105 106 107 108 109 110 73 111 28 1 2 3 112 53 58 113 94 114 115 105 116 108 66 117 118 119 
120 49 96 121 17 3 53 122 8 123 124 4 
125 126 127 21 128 129 8 130 131 8 3 
132 133 134 135 136 26 137 108 138 139 140 141 19 142 143 144 
37 145 146 111 58 65 66 147 3 4 148 149 
150 49 3 4 53 58 87 151 106 49 152 153 
94 154 155 56 3 4 8 156 157 158 159 21 160 161 56 40 162 163 
164 165 166 167 2 3 32 168 
169 170 28 100 171 172 56 173 83 108 58 1 2 3 4 53 174 175 118 176 58 177 
178 26 179 180 181 182 183 56 184 185 186 2 3 4 187 188 118 3 189 187 190 191 192 193 
66 40 152 194 195 196 10 3 197 118 198 199 200 148 201 202 
37 203 178 26 179 180 181 182 183 56 184 185 186 2 3 4 187 188 118 3 189 187 190 191 204 
205 17 28 206 111 49 3 4 167 207 208 209 
210 211 212 213 214 215 216 217 58 66 66 218 219 220 
37 221 3 4 222 223 224 
225 226 227 10 131 108 3 228 
3 229 230 21 231 232 19 233 234 235 236 237 238 
239 240 10 241 242 243 244 187 245 246 247 40 248 249 250 251 252 
37 253 94 254 21 3 112 255 117 118 256 257 258 
58 259 49 3 4 260 261 131 8 262 198 263 8 66 53 264 265 266 267 268 109 30 269 270 
249 271 166 150 40 67 272 3 273 274 275 276 277 
94 278 28 87 66 255 117 110 73 111 25 21 279 280 281 8 63 118 56 3 4 282 283 
284 285 286 111 25 287 60 28 66 255 256 257 10 3 4 
288 254 49 3 289 290 291 
37 292 3 4 293 56 294 99 295 296 
37 221 3 4 222 223 224 
37 292 3 4 293 56 294 99 295 296 
297 298 17 56 3 4 130 8 299 300 
301 302 66 18 303 239 8 188 304 26 56 305 194 306 307 308 309 310 118 3 311 312 
313 1 28 314 315 8 66 18 67 316 194 195 3 32 
49 3 4 293 317 318 319 
320 171 321 254 21 3 4 322 
323 324 55 3 118 325 49 4 326 108 81 327 131 328 157 329 55 330 
331 332 333 293 334 335 118 239 10 2 3 4 336 7 337 
338 28 254 2 3 31 4 339 340 
341 342 178 343 344 239 345 118 346 347 348 349 328 350 351 352 3 289 2 37 353 299 354 
211 293 355 356 357 26 56 358 359 360 361 
3 4 108 362 363 364 365 
108 49 3 4 366 367 53 81 368 369 58 66 370 26 56 371 60 21 372 373 67 374 
94 254 2 3 4 375 241 73 26 376 19 377 378 379 
380 58 381 382 383 328 384 249 56 385 26 386 1 3 40 67 108 387 
388 380 389 111 28 1 2 3 4 28 87 66 275 8 110 73 26 249 56 390 
391 28 87 392 49 3 4 111 28 393 
111 28 394 66 218 148 40 395 26 99 272 2 3 4 396 299 324 
397 398 111 58 399 254 49 3 4 400 401 353 299 49 402 
403 58 404 405 49 406 407 40 3 4 408 87 28 409 55 410 
94 363 49 3 31 411 412 73 55 56 413 414 
37 415 53 416 8 66 21 3 4 417 118 56 255 67 
3 4 366 418 419 420 421 422 
35 49 3 4 364 423 40 424 
425 53 416 336 148 328 49 3 4 426 
427 428 429 20 430 431 158 55 49 432 433 20 434 435 436 226 10 3 437 
438 439 440 56 441 37 442 443 444 445 3 446 275 447 448 449 450 451 
403 58 404 452 453 56 454 8 63 118 148 455 3 31 4 10 49 456 457 40 458 459 460 
3 40 275 194 56 461 462 19 56 138 463 464 401 293 465 21 265 466 
467 468 469 470 401 471 293 445 3 472 473 
37 474 475 58 476 56 477 450 478 60 479 480 37 481 3 40 482 483 484 485 486 487 204 
211 488 489 490 491 8 492 493 494 495 
496 37 497 3 239 254 67 118 498 
499 81 500 501 502 503 504 28 1 8 505 118 56 3 112 506 
507 58 1 21 508 509 19 489 19 510 511 512 265 513 514 
3 40 515 516 450 19 484 485 517 21 518 444 445 56 140 141 19 142 519 520 
288 254 49 3 4 282 521 157 21 522 523 524 191 
81 254 195 3 31 4 525 65 526 28 87 186 527 43 55 528 
529 58 530 531 28 65 532 533 26 3 534 535 152 118 527 536 56 537 26 56 491 538 
373 40 67 383 26 539 540 1 8 1 195 541 97 37 
542 543 544 3 158 26 545 546 547 548 549 550 551 
552 553 195 3 4 293 26 56 40 554 555 556 557 558 28 559 280 560 33 33 
552 561 195 3 4 167 329 55 330 33 33 33 562 563 155 56 564 280 81 21 565 566 530 567 
568 275 49 3 4 87 368 569 472 99 570 
571 249 56 385 194 572 573 574 40 575 576 368 111 28 1 21 3 40 577 578 
579 571 18 580 40 4 293 581 121 94 1 8 299 3 582 
58 583 584 206 40 395 293 585 586 587 166 65 1 2 3 289 111 28 1 2 3 4 28 585 66 56 98 588 
49 3 4 329 589 590 8 17 591 592 196 
593 260 28 594 155 19 476 10 595 111 58 596 195 3 4 113 1 597 
598 49 330 4 293 49 3 4 599 600 
35 49 601 138 602 138 3 4 108 49 138 603 106 49 604 605 606 
607 608 17 609 19 20 610 1 21 3 40 4 611 401 58 394 612 613 614 
615 369 28 186 56 616 4 88 89 328 28 363 56 3 32 
254 49 138 3 4 576 108 617 618 619 8 620 131 21 621 622 623 131 624 
3 8 625 444 166 626 627 628 194 450 237 629 237 630 
631 328 28 632 275 118 195 3 4 633 369 28 634 118 635 636 637 
638 468 58 65 381 58 87 639 382 81 2 640 641 
642 643 644 645 28 590 2 3 4 
3 289 646 647 289 646 58 648 53 649 118 148 650 651 
652 43 10 3 4 254 372 653 
654 655 81 215 656 8 299 657 33 28 590 2 3 4 88 89 
658 55 249 56 152 58 87 66 10 49 3 4 659 
94 254 49 3 97 85 660 157 260 299 55 661 662 
663 3 4 366 181 664 
94 660 401 58 1 2 3 112 665 423 666 667 
668 58 669 670 60 49 3 4 671 131 21 67 10 672 533 21 673 566 674 33 
675 56 3 676 8 677 633 58 87 66 67 678 679 
680 279 3 112 681 682 683 684 685 112 686 26 687 688 26 689 108 21 690 691 
692 155 2 3 4 671 28 412 73 55 347 693 108 694 695 
696 697 698 699 700 66 7 701 73 702 10 3 4 108 700 1 8 703 527 704 
705 706 707 58 708 1 2 3 4 709 350 710 711 340 
368 64 94 420 55 3 712 56 713 19 50 58 714 715 448 56 716 717 455 293 718 
719 56 720 293 721 445 722 56 471 293 445 641 60 723 724 725 726 727 728 729 87 730 448 731 732 
733 734 735 49 3 4 366 148 736 108 58 737 1 314 315 8 66 26 716 738 735 340 
26 739 740 280 741 742 19 401 3 743 10 56 744 89 745 746 747 748 233 749 750 751 752 751 753 
28 754 25 21 755 756 111 757 758 167 707 759 194 510 760 757 30 761 762 368 763 3 108 764 58 765 111 105 92 760 766 767 
368 536 768 445 769 401 770 3 67 504 195 771 
94 254 49 3 40 4 108 772 52 773 157 774 775 
510 776 215 777 56 778 167 314 779 21 780 92 94 781 717 782 108 19 783 784 8 249 56 785 3 786 787 
788 789 790 791 792 793 794 795 796 797 798 799 800 
66 152 194 591 19 801 802 803 804 805 806 187 194 807 702 808 10 809 810 
100 811 3 812 60 813 4 814 108 58 66 815 816 282 109 817 818 
37 819 65 820 700 770 412 821 588 445 822 8 823 94 351 195 580 3 4 824 
178 825 299 826 21 743 19 827 10 828 829 830 10 3 148 831 
832 350 692 49 833 3 31 4 834 
835 836 837 838 157 839 3 4 840 
841 842 20 66 198 67 43 843 2 3 4 108 58 65 1 472 475 
844 845 846 847 848 849 
850 108 851 297 3 852 853 854 855 856 
857 623 87 58 81 66 21 858 67 10 49 859 3 4 60 87 10 21 3 31 860 
861 18 472 211 4 58 87 392 862 
100 590 8 66 2 3 4 108 226 863 
49 3 4 366 108 557 299 864 111 49 865 866 53 867 401 49 51 868 7 21 869 
37 870 383 871 174 872 10 21 873 112 874 875 876 877 876 878 174 879 118 880 108 881 204 
17 28 1 8 299 26 96 8 1 2 3 4 108 293 157 882 883 445 56 884 885 174 8 886 108 887 131 524 157 888 
889 288 35 49 3 890 58 590 8 17 891 53 58 87 226 196 892 26 256 893 894 895 
896 897 382 56 898 899 900 901 40 902 56 3 31 903 763 904 345 19 56 905 
906 907 33 17 28 1 21 3 908 340 
909 94 226 194 56 3 676 108 109 56 3 31 4 
87 58 910 911 3 4 611 912 
396 299 913 148 500 50 901 407 10 49 3 31 4 914 915 916 
917 861 0 1 2 3 5 58 394 910 918 919 
920 573 28 656 28 921 66 21 138 3 4 272 106 157 922 8 195 923 
345 191 280 281 8 924 148 925 3 67 459 926 
281 218 330 927 928 8 66 49 3 4 929 
3 40 930 26 931 932 933 934 935 
936 28 590 8 66 2 3 4 937 
37 938 65 820 939 940 700 620 28 241 73 941 10 21 580 3 97 942 
37 943 944 249 945 946 65 820 28 87 249 66 373 73 947 328 28 948 21 580 3 4 26 949 204 
265 736 950 951 275 591 952 40 152 194 195 953 954 336 106 2 3 31 289 955 
956 317 194 281 237 957 307 308 958 239 8 130 190 26 56 3 311 26 959 960 
961 707 590 8 526 459 962 963 10 21 402 19 56 461 108 605 19 195 3 289 340 340 
37 938 65 820 939 940 700 620 28 241 73 941 10 21 580 3 97 942 
3 4 964 191 8 965 966 967 
3 31 248 573 968 8 969 445 970 56 308 971 26 56 972 973 974 700 1 975 976 
977 978 979 980 237 58 94 981 118 2 3 4 237 982 87 58 66 218 40 983 64 108 984 49 985 986 
987 293 988 19 989 990 991 992 993 187 994 855 995 465 186 21 996 10 527 997 3 97 
998 86 94 715 21 999 1000 194 1001 10 49 3 289 1002 
37 1003 1 28 314 516 8 233 333 525 1004 254 472 55 1005 55 1006 373 73 118 3 31 4 1007 194 1008 
94 48 1009 1010 574 49 1011 108 1012 1013 8 130 49 3 4 1014 297 755 293 1015 1016 
1017 1018 1019 1020 1021 206 157 1022 1023 60 1021 158 502 26 476 1024 1025 3 1026 108 1021 177 56 1027 1028 
1029 73 1030 370 10 49 3 97 708 1031 111 58 1032 
883 254 21 3 4 5 401 321 155 19 1033 58 394 1034 
1035 1036 566 53 1037 1038 25 1039 28 254 472 1040 1041 87 28 66 373 73 19 1042 1043 10 56 3 32 
1044 1045 297 87 58 66 2 3 4 88 56 96 1046 1047 194 56 1048 194 352 676 328 58 1049 8 63 118 1050 1051 
37 1052 1053 1054 633 1055 1056 194 56 3 1057 191 8 186 472 19 527 131 1058 33 1059 28 
254 49 3 31 4 1060 131 108 1061 573 825 299 1062 591 1063 191 1064 383 
521 3 112 1065 
3 4 167 1066 1067 43 196 1068 
3 573 1069 297 87 56 1070 1071 1072 401 350 1 1073 1074 19 1075 85 1072 1059 28 108 1076 56 1077 1078 58 150 49 4 1079 
254 49 211 108 1080 4 1081 58 885 1082 1083 1084 707 50 8 1085 
37 1086 1087 1088 1089 28 226 1090 1091 1092 8 1093 88 1094 1095 1096 1097 633 861 3 1098 56 1099 1100 204 
53 324 73 55 641 58 1101 92 1102 56 1103 108 1104 56 4 293 194 109 1105 1106 
111 58 226 1107 108 392 21 3 4 633 17 58 1108 
1109 249 1110 1110 26 352 3 4 1111 108 280 1112 10 49 1113 407 1114 1115 1116 
692 155 1117 65 17 3 67 475 633 158 92 56 1118 
883 1 2 3 4 53 58 87 66 373 73 1119 1120 
1121 1122 58 94 35 1123 55 1124 108 350 368 1125 2 1126 1127 1092 3 289 
1128 1129 1130 10 195 3 4 
1131 1132 293 157 1133 401 56 3 1134 1135 141 239 445 56 31 4 1136 
1137 459 962 233 1138 10 1139 1140 19 56 461 2 605 19 195 3 4 108 1141 260 1142 56 67 118 28 33 1143 600 
1144 28 763 56 3 4 1145 633 1146 293 1147 108 297 17 28 66 1147 475 600 
622 707 1148 280 465 536 401 3 4 
194 2 3 4 17 20 66 67 55 249 1149 1150 
1151 1152 58 1101 1153 1104 111 28 1 195 3 4 1154 757 1155 350 1072 28 90 1 195 1156 194 1157 1040 600 
40 67 373 1158 1159 1160 10 3 4 
1161 86 89 1162 1163 671 195 40 67 1164 108 28 65 590 21 1165 3 31 4 99 215 258 340 
288 35 49 3 112 1166 401 157 1167 161 256 893 
1104 1168 65 1169 1170 1171 248 118 152 1172 3 31 87 94 1173 1174 
1175 1176 58 569 118 56 815 1177 111 1178 254 2 3 4 
58 353 66 2 3 4 60 557 368 392 157 118 1179 108 58 52 66 373 73 504 19 1093 1180 
1181 1182 1183 56 703 1184 21 741 1185 371 118 3 1186 1184 148 1187 108 1188 368 445 1189 1190 
1191 17 249 19 195 1192 683 206 633 2 3 31 4 868 1193 707 1194 148 736 1101 53 707 67 118 131 181 
1195 1196 1197 1198 81 656 401 56 1199 1200 1201 293 500 1202 328 1203 10 21 1204 401 1205 26 1206 
37 1207 81 254 195 3 31 4 525 85 226 8 1208 8 1209 524 297 8 66 1210 1211 
58 590 21 1212 3 4 633 648 58 1213 55 1214 
3 4 167 329 1215 351 194 56 1216 1217 
861 0 1 21 3 4 5 58 394 392 1218 
1219 1220 26 56 1221 383 702 94 1222 1223 1224 10 3 1225 968 64 445 308 1226 1227 
37 1228 49 3 4 1229 8 1230 1231 
406 717 1232 118 307 239 8 188 194 56 3 1233 118 1234 1235 108 40 1236 237 1237 
1238 1239 129 8 1240 37 1241 1242 1243 3 1244 1245 8 1 1246 1247 26 1248 1249 
37 1250 363 2 3 31 4 108 81 92 773 157 452 
465 997 49 3 4 26 1251 157 839 174 1252 328 536 21 175 53 58 1253 439 158 1254 131 505 118 21 988 1255 
1256 1179 1117 1257 1258 1259 1260 1261 138 1262 1263 1264 1265 1266 1267 1268 3 31 67 
1269 155 56 1270 40 1271 676 8 763 429 28 87 392 195 3 31 4 1272 8 1273 1274 1275 
1276 1277 3 142 1278 1279 1280 1277 1281 1282 1277 1283 1284 19 1285 1286 
1287 1288 56 1289 293 2 3 1290 
49 3 4 167 1291 21 1292 1293 367 1294 
1295 1 28 254 2 3 4 1296 
1297 58 1298 3 1299 111 58 1300 93 58 260 885 1301 8 226 401 141 1302 401 58 1 401 1303 19 96 1304 
1305 55 1306 1307 1308 1309 1224 1310 249 1311 1312 1313 73 1314 872 282 1315 1316 3 1317 1318 
1319 1320 1321 118 249 1322 1323 94 130 195 96 1324 1092 3 4 108 1072 195 21 1325 10 1326 
833 49 3 112 623 648 58 53 1327 1328 1329 1141 167 1330 157 1331 
1332 1333 1334 1335 1336 1337 1338 1339 1340 1341 1342 1155 
1343 1344 58 381 28 90 1345 1346 26 56 1347 3 
58 660 148 736 401 328 58 226 196 1348 58 66 152 504 19 49 3 4 659 
1349 1350 1351 118 49 3 4 85 58 1 157 118 21 149 108 1352 49 1353 1354 
37 1086 1087 1088 1089 28 226 1090 1091 1092 8 1093 88 1094 1095 1096 1097 633 861 3 1098 56 1099 1100 204 
1355 17 28 206 111 21 580 40 1324 4 293 726 8 66 56 40 1356 1357 861 157 1 8 299 3 
1059 1358 49 40 1359 167 964 1360 194 56 1048 293 49 3 31 97 
1361 87 28 317 1362 3 248 445 56 1363 
1364 281 1365 60 65 1 49 3 4 452 1366 1367 
1368 883 10 2 3 31 40 4 87 66 815 1369 19 56 1370 118 1371 3 4 293 1372 901 1373 
58 1374 1375 8 63 118 49 3 4 
1376 187 58 574 633 700 17 294 204 60 64 10 40 424 1377 1378 1379 
1380 1381 33 21 1382 1383 3 1384 
1385 1049 1386 1387 1388 1389 1390 108 1391 3 108 1392 26 591 1393 1202 78 1394 1395 
297 573 584 106 3 1396 1397 
1398 1399 1400 94 1401 558 1402 108 1403 8 66 472 94 156 1403 1404 40 4 1092 3 1405 
368 106 2 3 4 504 28 66 174 1252 328 28 186 21 1406 1407 1408 
37 1409 328 260 350 295 1410 108 350 573 1411 514 297 1412 1413 
37 1414 368 106 2 3 4 504 28 66 174 1252 328 28 186 21 1406 1407 1408 
1415 94 1209 195 1416 1417 195 81 2 3 4 1418 58 369 634 401 1419 108 254 1420 1421 3 28 66 55 1422 
475 1423 1424 3 4 1425 1426 1427 
1428 17 49 1429 1430 130 1123 155 94 1431 326 1432 700 90 1433 1159 1 174 1434 20 254 757 3 4 401 90 1093 
1435 3 1436 1437 1219 194 1438 
883 1439 1440 131 392 352 3 40 5 637 1123 1441 825 299 1112 118 1442 108 58 590 56 67 1443 
1444 1 28 254 25 3 5 452 637 58 100 590 124 1445 1439 186 781 1446 60 150 56 424 
1447 293 401 10 1092 272 233 3 1448 1449 108 58 353 842 1450 317 254 50 1451 445 1452 83 
1453 87 66 2 1454 3 4 1455 
883 254 2 3 4 58 87 392 1456 
37 1457 1458 1459 1460 872 8 1461 1462 282 1463 8 392 1464 3 4 8 66 1465 194 1466 1467 
37 1457 1458 1459 1460 872 8 1461 1462 282 1463 8 392 1464 3 4 8 66 1465 194 1466 1467 
37 1457 1458 1459 1460 872 8 1461 1462 282 1463 8 392 1464 3 4 8 66 1465 194 1466 1467 
1468 368 1469 21 1470 111 1471 194 1472 1092 1473 3 4 
55 3 1292 1474 1475 118 1476 1477 
1478 58 94 65 206 1479 1480 158 1239 265 55 1481 1482 1483 19 1484 1485 800 118 56 1486 1487 
1488 58 1489 1239 293 1490 1491 26 56 1483 108 3 1492 254 500 198 1493 
633 56 1494 280 833 26 641 58 590 8 66 8 1495 1496 
471 58 866 401 1497 285 28 1330 56 1498 195 3 4 88 1324 
1499 3 1500 1501 1502 1503 108 1504 8 1505 237 1506 
1507 80 148 407 1508 111 317 87 1509 275 1092 1510 28 87 1509 275 118 1360 1511 1512 1513 21 1514 1515 1516 26 3 26 1517 
468 1518 20 1519 1277 3 1520 37 1521 1522 1523 1524 1525 1526 
53 264 1527 26 809 108 249 1528 1215 1529 226 141 502 1091 1530 7 401 1531 1532 1533 
1534 1535 1536 195 611 8 1537 195 3 4 1538 1539 459 1540 1541 8 1542 56 289 1543 
1544 58 1 619 401 58 58 171 156 21 513 58 1545 58 260 634 1477 586 218 265 392 187 1509 275 88 3 1546 1192 1547 888 
997 49 1548 1549 40 67 504 49 1550 96 1046 26 56 809 
288 35 49 3 4 1551 1552 
1553 17 2 1554 1555 1556 21 138 1557 1558 118 3 112 186 255 117 118 110 1174 1559 108 299 1560 1561 
1562 1563 28 368 66 67 111 28 1 21 3 4 1564 
1565 58 1566 156 3 1567 43 118 1568 81 1162 56 50 26 49 1569 
37 1570 138 40 67 178 64 343 241 73 249 1571 8 1572 1573 1 21 580 3 4 1092 580 1574 204 
1575 40 67 1576 472 160 1577 1578 1579 1580 241 73 988 1581 1582 94 351 580 330 1324 1092 3 4 
1583 254 591 1584 265 1585 3 1586 55 345 1587 
883 1 2 3 4 5 58 87 1588 1589 
1590 1591 1592 92 10 3 67 183 293 1593 78 1001 
288 282 345 1351 58 66 49 3 289 211 1594 
1595 998 66 2 3 4 108 66 117 256 1596 566 633 58 1597 1222 21 522 293 1162 1598 
1599 1600 1601 757 1602 1603 1604 1605 1606 37 1607 1608 707 1609 3 194 1610 
58 381 20 1611 8 1612 1613 1614 573 3 239 1615 1616 
122 21 265 1617 26 641 1618 1619 
3 1620 1621 194 1622 1623 
1624 707 765 1625 1626 1627 1628 3 293 194 1627 1536 
1627 55 1629 1630 64 211 751 1631 
1632 1633 1634 1635 93 1636 194 1627 1637 
1638 1639 1627 1640 1641 1638 815 1642 3 1238 1643 
37 1644 1627 1627 55 3 1638 1645 1646 
37 1647 802 1648 1649 26 1650 19 1651 1652 157 491 161 1653 37 1644 1627 55 3 1638 1645 1654 204 
37 1655 3 1656 178 106 1657 19 21 1627 55 2 3 1658 1659 573 28 1660 28 87 962 1661 204 
1662 1663 1664 1665 1666 8 93 1667 
3 1638 194 1668 401 195 1669 1670 
1671 1672 1627 55 3 1658 1659 157 293 1673 401 591 1674 556 401 336 1675 56 1676 1677 1678 
37 1655 3 1656 178 106 1657 19 21 1627 55 2 3 1658 1659 573 28 1660 28 87 962 1661 204 
21 1679 26 3 1680 1636 1681 1682 
1679 1683 218 1684 26 3 1500 1658 1636 1685 
1686 1535 1687 148 293 1688 445 1689 1690 87 58 156 155 633 1691 55 56 3 1627 1692 1626 28 1660 
1693 1694 56 3 1627 194 1695 108 1696 1697 1698 
37 1655 3 1656 178 106 1657 19 21 1627 55 2 3 1658 1659 573 28 1660 28 87 962 1661 204 
1699 37 1644 1627 1627 55 3 1638 1645 1700 1701 
37 1655 3 1656 178 106 1657 19 21 1627 55 2 3 1658 1659 573 28 1660 28 87 962 1661 204 
37 1647 802 1648 1649 26 1650 19 1651 1652 157 491 161 1653 37 1644 1627 55 3 1638 1645 1654 204 
37 1655 3 1656 178 106 1657 19 21 1627 55 2 3 1658 1659 573 28 1660 28 87 962 1661 204 
37 1702 297 293 157 401 3 87 1703 1627 53 264 1704 26 56 1705 19 1350 1706 1707 1708 1709 1710 1711 1681 1651 2 204 
37 1712 860 37 1713 3 1656 178 106 1657 19 21 1627 55 2 3 1658 1659 
1714 1715 1045 648 1716 111 28 249 71 148 865 445 93 108 306 700 87 392 1147 260 1717 28 19 1718 
1719 80 89 3 1720 167 21 1721 10 56 1627 187 1722 1723 1724 
1725 260 1625 299 18 67 118 3 31 4 1007 26 56 1726 
37 1727 472 19 56 1658 1728 26 3 122 21 1627 783 1679 1729 888 
1730 1658 1636 194 1731 1658 1732 1733 1734 1735 623 3 1615 194 1736 
37 1702 297 293 157 401 3 87 1703 1627 53 264 1704 26 56 1705 19 1350 1706 1707 1708 1709 1710 1711 1681 1651 2 204 
37 1655 3 1656 178 106 1657 19 21 1627 55 2 3 1658 1659 573 28 1660 28 87 962 1661 204 
1737 3 293 21 1406 1090 108 254 53 264 1658 1738 1092 53 60 100 87 1 1627 1640 1739 
37 1702 297 293 157 401 3 87 1703 1627 53 264 1704 26 56 1705 19 1350 1706 1707 1708 1709 1710 1711 1681 1651 2 204 
37 1740 1679 1683 218 1684 26 3 1500 1658 1636 1685 
1741 3 472 19 1638 56 1679 1681 1627 
