0 1 2 3 4 5 6 7 4 8 9 
10 11 12 13 14 15 
16 17 18 19 20 21 22 10 23 24 25 26 27 28 29 30 31 29 32 
33 34 35 36 
37 38 4 39 40 41 42 
43 44 45 46 47 48 49 50 51 52 53 54 55 43 56 
57 58 59 10 60 61 62 63 64 65 66 67 
68 69 70 71 72 10 73 74 75 76 72 77 78 79 80 81 82 
83 84 4 85 72 10 74 75 86 87 88 4 77 78 79 80 81 82 
89 84 4 85 72 10 74 75 86 87 88 4 77 78 79 80 81 82 
90 91 92 93 70 72 37 74 75 76 87 88 4 60 94 78 95 81 96 
97 98 99 100 101 102 35 103 104 105 106 107 4 108 109 110 111 106 112 
113 103 114 86 115 55 10 116 117 118 119 118 120 121 60 122 123 124 125 
126 127 128 129 130 131 132 133 134 10 135 
136 137 138 2 139 140 141 
10 142 4 143 144 145 
101 146 147 120 148 4 149 150 110 10 151 152 153 154 155 149 156 157 103 60 158 159 149 156 160 161 162 
163 156 164 165 4 10 166 74 167 55 168 
169 170 171 10 172 173 
110 174 175 176 10 60 64 65 67 
177 99 38 178 179 75 180 181 182 183 184 181 10 185 186 187 188 
92 189 190 156 138 191 192 193 194 195 196 197 198 199 200 72 201 53 10 202 
24 203 92 189 190 156 138 191 192 193 194 195 196 197 198 199 200 72 201 53 10 204 205 
206 4 10 75 23 
207 208 209 210 211 212 213 214 
24 215 216 51 217 103 218 43 219 220 221 222 223 224 225 226 
24 227 228 229 230 231 32 232 233 4 148 234 235 72 226 236 
237 238 239 240 241 
24 242 211 243 244 245 226 246 
120 167 247 248 99 249 211 250 138 251 43 56 252 120 253 254 255 256 257 55 103 211 258 
24 203 92 189 190 156 138 191 192 193 194 195 196 197 198 199 200 72 201 53 10 204 205 
257 201 259 60 260 10 259 261 262 
263 264 265 266 24 267 268 269 270 271 138 272 
24 273 101 274 275 276 4 277 278 279 47 280 106 101 274 281 110 10 282 283 284 285 101 286 287 288 205 
24 273 101 274 275 276 4 277 278 279 47 280 106 101 274 281 110 10 282 283 284 285 101 286 287 288 205 
289 290 291 292 293 294 295 60 296 297 298 299 300 301 302 303 304 43 211 305 306 43 10 307 
24 273 101 274 275 276 4 277 278 279 47 280 106 101 274 281 110 10 282 283 284 285 101 286 287 288 205 
24 273 101 274 275 276 4 277 278 279 47 280 106 101 274 281 110 10 282 283 284 285 101 286 287 288 205 
24 273 101 274 275 276 4 277 278 279 47 280 106 101 274 281 110 10 282 283 284 285 101 286 287 288 205 
308 10 60 309 310 60 311 312 313 314 201 315 316 67 
64 317 308 318 312 313 319 106 320 321 322 323 324 10 60 325 106 326 327 201 315 328 106 329 
330 201 315 259 331 106 10 60 259 332 
333 334 120 93 335 336 337 106 10 338 339 340 341 342 343 
0 344 345 346 347 348 349 
350 351 276 352 56 353 354 355 
356 357 10 259 38 358 
359 120 165 150 110 56 120 360 4 361 362 363 364 365 366 367 
368 92 369 370 371 191 372 373 71 374 375 376 377 378 379 72 56 
274 37 136 137 138 2 380 38 381 118 382 383 384 385 386 387 
388 291 10 389 60 192 138 390 103 391 392 393 211 394 
99 72 136 137 138 2 395 396 397 
398 399 400 401 10 
24 273 101 274 275 276 4 277 278 279 47 280 106 101 274 281 110 10 282 283 284 285 101 286 287 288 205 
24 273 101 274 275 276 4 277 278 279 47 280 106 101 274 281 110 10 282 283 284 285 101 286 287 288 205 
402 43 10 403 404 405 406 211 407 408 409 51 410 
411 412 413 120 414 415 10 416 
417 418 419 420 92 148 233 421 422 423 288 287 80 424 425 426 201 427 428 284 429 10 430 431 
99 72 10 432 433 434 435 436 437 
438 110 211 439 440 441 442 443 72 211 10 444 445 446 
0 447 448 449 450 43 451 452 453 454 
455 4 10 60 325 106 456 457 138 64 317 458 55 459 322 460 106 461 103 462 211 463 
0 464 465 55 466 4 85 467 468 469 470 471 472 
24 473 455 4 10 60 325 106 456 457 138 64 317 458 55 459 322 460 106 461 103 462 205 
474 475 476 477 478 479 77 480 43 10 
481 29 482 483 21 484 24 485 249 407 363 291 486 487 488 259 489 490 491 184 377 407 492 
43 60 493 494 495 496 120 497 4 498 499 500 10 368 120 501 502 4 503 504 
505 506 507 508 509 510 511 10 512 513 514 512 515 516 23 
505 510 514 10 517 10 518 10 519 
297 10 520 521 522 523 
524 282 525 4 211 10 526 106 76 527 528 529 103 530 531 532 533 534 
24 535 120 497 536 537 4 339 110 150 4 56 538 539 540 110 541 542 543 
24 544 24 535 120 497 536 537 4 339 110 150 4 56 538 539 540 110 541 542 543 
545 72 10 546 547 548 24 549 550 551 552 76 553 554 555 
291 556 557 558 559 560 43 211 10 561 562 376 563 106 564 177 565 338 566 567 291 568 363 569 
570 10 571 572 
426 573 369 574 4 291 575 576 577 72 578 579 120 580 402 43 10 403 581 582 
583 584 585 586 
587 588 589 590 591 10 592 
593 594 10 595 596 
24 597 598 148 558 10 599 600 253 601 4 602 239 603 604 
605 211 606 607 297 608 86 609 10 53 610 211 611 138 612 613 106 614 615 
616 617 618 211 619 120 620 621 622 623 624 625 626 627 
628 106 629 297 60 630 631 106 86 632 633 10 634 138 635 636 
0 637 138 638 639 
640 10 641 642 526 643 644 645 646 647 648 211 136 137 138 649 650 
10 641 642 526 643 644 645 646 647 648 211 136 137 138 2 651 652 
653 10 641 642 526 643 644 645 646 647 648 211 136 654 655 0 
640 10 641 642 526 643 644 645 646 647 648 211 136 137 205 656 0 
10 641 642 526 643 644 645 646 647 648 211 136 137 138 2 651 657 
10 641 642 526 643 644 645 646 658 659 660 661 662 663 
640 10 641 642 526 643 644 645 646 658 664 
640 10 641 642 526 643 644 645 646 658 665 0 
10 641 642 526 643 644 645 646 658 666 0 
667 663 141 10 641 642 526 643 644 645 646 658 588 668 669 667 670 671 
10 641 642 526 643 644 645 646 658 672 
673 10 641 642 526 643 644 645 646 658 674 
673 10 641 642 526 643 644 645 646 658 675 
24 676 10 641 642 526 643 644 645 646 658 659 660 661 662 677 205 
10 641 642 526 643 644 645 646 658 678 0 
10 641 642 526 643 644 645 646 658 679 
584 641 642 526 643 644 645 646 680 363 681 682 683 684 60 685 686 
687 10 641 642 526 643 644 645 646 658 688 
687 10 641 642 526 643 644 645 646 658 689 
24 203 584 641 642 526 643 644 645 646 680 363 681 682 683 684 60 685 690 205 
691 10 641 642 526 643 644 645 646 658 692 0 
99 72 693 694 10 695 
696 697 211 698 699 700 546 362 286 72 701 
702 703 72 704 705 633 10 702 706 707 
2 669 667 10 641 708 526 643 644 709 646 647 648 211 136 710 711 
10 641 642 526 643 644 645 646 658 679 
696 697 211 698 712 713 43 56 546 362 286 72 714 
696 697 211 698 715 138 716 717 718 106 208 719 546 362 286 72 720 
721 10 6 722 723 143 724 
725 10 641 642 526 643 644 645 646 658 726 
727 728 729 730 448 255 731 732 10 733 239 103 734 735 
24 203 584 641 642 526 643 644 645 646 680 363 681 682 683 684 60 685 690 205 
10 641 642 526 643 644 645 646 658 736 
525 737 4 738 588 534 739 
10 641 642 526 643 644 645 646 658 740 
741 363 488 138 742 743 
744 10 641 255 526 529 745 644 211 746 747 748 749 750 751 136 137 752 753 
754 10 641 255 526 529 745 644 211 192 755 
756 10 641 255 526 529 745 644 211 192 757 
744 10 641 255 526 529 745 644 211 192 758 
756 10 641 255 526 529 745 644 211 192 759 
756 10 641 255 526 529 745 644 211 192 760 
761 643 259 745 762 763 43 211 764 765 766 526 767 768 769 770 
725 10 641 255 526 529 745 644 211 192 771 
772 10 10 773 774 775 776 777 
191 778 588 10 779 259 762 106 780 779 259 781 763 43 782 783 784 785 786 
10 641 255 526 529 745 644 211 192 43 211 787 788 
70 259 789 106 38 120 790 791 43 10 792 
793 794 795 138 10 184 796 
10 641 255 526 529 745 644 211 746 211 136 137 138 2 395 641 797 798 
211 136 137 138 2 395 641 799 800 643 363 211 137 138 205 801 
802 803 600 804 43 10 805 806 101 807 
601 808 716 809 810 4 10 72 166 425 811 812 813 814 4 497 795 53 815 816 191 817 103 286 818 80 
819 820 138 821 822 153 823 824 449 377 104 825 558 826 827 683 10 
2 669 10 641 255 526 529 745 644 211 746 211 136 137 138 2 828 829 
0 426 830 831 566 118 2 832 4 448 833 834 835 836 
371 120 790 165 4 837 211 838 138 291 488 839 840 110 211 841 406 211 477 4 56 
842 298 92 295 843 43 211 844 845 846 847 848 694 849 138 850 851 10 852 
842 853 295 92 843 43 211 844 433 101 854 123 847 855 694 849 138 850 851 10 856 
101 857 72 208 858 859 860 861 103 56 862 120 863 864 288 43 211 858 865 866 867 868 869 870 
160 375 103 871 872 106 873 32 874 875 876 103 877 297 878 747 879 880 881 
725 10 641 642 800 766 526 643 43 645 646 658 882 
883 825 884 885 886 887 888 889 890 891 892 893 894 895 896 10 166 897 
898 500 410 899 276 10 900 901 902 
10 641 255 526 529 745 644 211 192 903 625 904 
24 544 101 857 72 208 858 859 860 861 103 56 862 120 863 864 288 43 211 858 865 866 205 
24 905 906 907 301 908 43 10 909 
910 911 912 913 75 120 148 4 914 10 915 106 916 103 917 
24 203 584 641 642 526 643 644 645 646 680 363 681 682 683 684 60 685 690 205 
24 918 525 737 4 738 588 534 739 
24 919 601 808 716 809 810 4 10 72 166 425 811 812 813 814 4 497 795 53 815 816 191 817 205 
24 920 883 825 884 885 886 887 888 889 890 891 892 893 894 895 896 10 166 921 205 
120 922 685 893 405 10 685 893 576 103 923 
38 120 924 925 138 926 927 10 928 929 930 
211 931 932 10 295 4 239 933 120 101 934 43 71 4 935 239 936 937 368 938 939 35 103 211 940 941 
38 942 943 944 72 945 946 947 70 948 949 950 235 72 10 951 952 953 954 
0 955 4 956 957 958 959 
960 364 138 211 10 51 167 961 962 43 291 963 240 964 
10 965 966 749 967 
10 968 969 970 971 972 103 973 974 
975 403 976 4 977 43 433 978 979 24 980 10 968 969 970 971 972 103 973 981 
99 72 10 137 982 983 984 396 985 
986 987 410 167 988 72 10 989 
990 991 43 10 992 993 
994 10 641 255 526 529 745 644 211 192 43 211 787 995 996 997 
998 999 72 584 1000 413 1001 1002 1003 1004 211 210 138 1005 120 1006 257 86 1007 4 1008 1009 1010 1011 
991 363 211 1012 1013 1014 1015 72 56 694 10 928 929 1016 
1017 1018 1019 1020 4 10 1021 1022 1023 1024 1025 1026 
165 10 4 1027 1028 297 591 
1029 734 407 363 282 1030 1031 812 957 749 1032 1033 
136 137 138 2 1034 101 60 1035 1036 1037 
1038 1039 234 43 211 1040 138 10 1041 120 189 1042 425 364 619 933 120 790 1043 1044 1045 
1046 939 1047 4 1048 10 697 1049 43 211 787 179 1050 
1051 1052 1053 211 1054 56 1055 120 1056 1057 1058 
1059 1060 10 1061 1062 1063 60 1064 1065 
136 137 138 2 395 101 60 1035 1036 1037 
136 137 138 2 1034 101 60 1035 1036 1037 
72 1066 1067 37 1068 420 1069 1070 
1071 1072 10 60 1073 1074 1075 
1037 136 137 138 2 1076 1077 110 1078 106 1079 138 875 
10 1080 1081 1082 106 1083 1084 425 1085 253 85 1086 825 211 137 752 1087 
10 1080 915 1088 1089 410 1090 148 1091 103 1092 106 1093 406 205 1094 
120 1095 60 1096 1097 1098 1099 138 60 1100 1101 1100 
1037 1078 1102 10 500 1103 137 
408 4 738 4 484 1036 
99 72 10 1104 1105 1106 
24 1107 1037 1078 1102 10 500 1103 137 
1108 1109 1110 184 43 1111 706 1112 1113 10 
1114 633 10 1115 1116 1117 
1118 1119 24 1120 1121 1122 1123 1124 24 1125 1004 1126 24 1120 1127 10 24 1125 1128 1129 1130 
1131 10 1132 1133 60 1134 1135 138 191 1136 1137 1138 1139 
1140 1141 1142 1143 4 339 1144 364 10 338 369 1145 1146 70 103 60 1147 1148 
10 1132 1133 60 1134 1135 138 191 1136 1137 1138 1149 625 1150 
1043 494 291 1151 200 283 1152 43 37 1153 539 1154 1155 1156 
148 1157 103 56 101 1158 103 211 192 
24 1159 38 1160 1161 205 1162 1163 1164 1165 24 1166 1167 1168 276 1169 1170 1171 1172 1173 1174 1175 1176 1177 56 1164 205 
1178 1179 24 1180 1181 1171 1182 10 1128 24 1183 1184 1185 1186 24 1187 1184 1188 1189 11 1190 
24 1191 1131 10 1132 1133 60 1134 1135 138 191 1136 1137 1138 1192 
1193 1194 10 1000 1195 1196 1197 1198 177 
24 1191 1131 10 1132 1133 60 1134 1135 138 191 1136 1137 1138 1139 
24 1199 1200 1201 825 1202 1203 1204 625 904 
1205 1206 1207 1208 297 1209 123 1210 10 1211 705 1055 282 1212 1213 1214 
1215 412 361 363 291 1216 584 
1217 211 1218 71 825 1219 
1220 1221 552 488 297 1222 1223 1224 1225 43 10 588 99 286 1226 138 408 10 338 539 405 863 1227 
1037 1228 1229 1230 1231 1232 138 1233 1234 10 1235 1232 257 1236 1237 1238 1239 1240 1241 1242 1243 1244 1245 
10 1246 566 103 1247 1248 643 425 1249 1250 1251 4 1252 291 1253 1254 
1255 1256 1257 1258 1259 43 2 
1260 1261 51 1262 1263 1264 1265 1266 103 375 43 10 805 298 1267 1268 1269 1270 376 949 1271 211 1272 1273 
1274 1275 10 1276 1277 
0 1278 10 641 255 526 529 745 644 211 746 1279 
1280 72 1281 1282 1283 103 156 1284 1285 259 1286 1287 1282 541 4 406 137 1288 816 70 1289 1290 
101 1291 291 1292 1293 625 1294 10 646 211 1295 177 
24 1296 1280 72 1281 1282 1283 103 156 1284 1285 259 1286 1287 1282 541 4 406 137 1288 816 70 1289 1297 205 
1298 35 1299 103 1300 10 177 625 211 1301 
1298 177 120 1055 10 275 51 1302 70 1303 120 1304 291 1305 1306 
1307 1308 43 201 1309 1043 1310 1311 4 1312 106 1313 259 191 10 406 1314 418 646 915 
1315 120 301 1195 1316 933 120 1195 211 949 1214 103 60 1317 116 259 55 1318 1319 74 1320 211 1321 584 259 1322 1323 
120 1324 408 1325 259 1326 425 4 1327 10 1328 297 211 1329 1330 92 51 1331 601 116 
92 51 38 1332 339 191 1305 933 211 1333 138 211 10 1334 1335 1336 159 1337 1018 862 275 1338 38 1339 177 
24 1340 1341 584 0 1342 1343 
1344 1345 10 259 1346 138 404 223 43 211 1292 541 1347 1285 
1305 286 1282 541 297 1285 103 1348 1327 165 1349 1350 
211 1351 10 1352 539 500 55 1353 601 211 1354 116 1355 410 1352 297 282 1356 1357 
942 584 259 72 211 646 138 211 1358 1359 103 1360 541 1361 1344 1362 
1363 92 1364 1090 418 862 410 491 211 1365 10 1366 601 60 1367 
539 1368 1369 239 47 10 599 1370 
333 291 1371 223 259 1372 1373 732 297 1374 
410 51 406 38 1375 55 60 1376 949 138 410 1377 239 106 10 1378 
948 598 1195 558 10 1378 120 1379 1380 106 1381 1382 410 60 1383 377 407 120 491 1384 1385 1386 
410 51 406 38 1375 55 60 1376 949 138 410 1377 239 558 10 1378 
10 641 642 526 1387 1388 
1389 276 297 211 10 1390 106 76 601 1391 103 211 685 1214 
1392 1393 10 641 642 526 1387 1394 1395 
10 75 1378 156 43 211 1292 1361 579 
1396 410 1195 10 103 425 255 685 1397 
1398 1399 10 1400 1401 11 1402 
120 1403 449 4 77 1404 1405 297 291 1292 1406 4 10 
1407 10 1408 1004 1409 1410 
1411 1412 1413 1414 1415 1282 1416 1417 1418 1419 1420 1413 1421 1422 1423 1424 
1425 1018 1426 351 85 72 1427 935 239 1428 449 862 629 1429 1430 
1431 37 1432 1433 
120 1434 1435 4 1436 291 1437 297 1438 10 1439 
1440 333 120 1441 10 286 1442 74 1443 1444 184 539 1445 1446 705 
1447 1448 110 10 1449 449 1450 1451 1452 1453 1454 
1447 1448 110 10 1449 449 1450 1451 1452 1453 1455 
1456 633 10 1457 138 1458 106 1459 1460 
24 1461 1447 1448 110 10 1449 449 1450 1451 1452 1453 1455 
1462 10 259 745 762 1463 1464 541 1465 1466 1467 
10 1468 1469 1470 1471 1472 1473 
10 1468 1469 1470 1471 1472 1473 
1474 1448 110 10 1449 449 1450 1451 1452 1475 233 412 1476 449 1477 137 1478 103 1220 1479 
10 1480 4 462 1305 138 1292 541 103 1481 1482 1483 
24 1461 1447 1448 110 10 1449 449 1450 1451 1452 1453 1455 
1484 10 101 1485 958 1486 138 1282 1487 51 410 60 1488 1489 1490 1491 282 1292 363 282 1488 1352 1492 
1493 87 1494 376 938 408 1495 70 1496 257 10 1497 211 1498 159 1325 43 255 1499 1404 1500 
10 88 449 4 1501 43 211 541 1502 
1503 10 75 259 1378 1504 297 211 1292 1505 
1325 110 37 92 75 148 1506 138 1282 541 297 1507 1371 425 259 1508 1509 
10 259 1510 43 211 1511 1512 497 116 1513 1514 1515 
1493 1516 120 148 1517 598 410 108 43 10 839 278 1380 1518 420 
333 1519 825 60 1520 1521 120 842 43 211 631 211 250 10 1522 4 1523 449 4 497 1524 1292 4 10 1525 
10 1526 915 1527 1528 120 1529 60 1530 43 685 1229 1531 211 1532 84 211 1533 1534 4 1535 291 1536 1537 
1447 1448 110 10 1449 449 1450 1451 1452 1453 1538 625 1539 1540 1541 1542 1543 
295 10 101 1544 1451 60 1545 43 558 1546 
60 136 137 138 2 395 1547 1548 1549 110 1550 948 1551 449 1450 103 1552 205 1553 
10 1554 101 339 1555 1404 1486 825 211 448 138 1556 
584 1557 1558 106 1559 1222 106 1560 361 10 1561 211 1292 541 1502 1562 
0 1563 1564 103 1565 839 1566 1567 194 1568 1569 1570 
1571 10 1572 1573 1574 1575 1571 10 1572 259 1576 60 1574 4 1577 1578 1579 
1571 10 1572 1573 1574 749 1580 
1581 1582 1141 1583 43 211 541 138 558 1584 1585 1586 825 1587 584 1285 1588 
1589 10 402 339 1506 1282 1014 120 75 148 1590 138 1591 1487 846 1285 584 1592 
10 101 1567 4 1593 1594 43 211 1292 1347 
1595 1596 1597 276 584 11 92 351 862 298 92 862 746 85 1331 106 339 1282 1598 
1571 10 1572 1573 1574 749 1599 625 1600 1601 1602 1603 
1604 584 259 75 1605 1606 
38 1607 1608 75 4 1609 1610 276 584 11 1285 1588 
10 101 117 1611 1612 1613 4 1451 497 223 
1614 1615 138 764 1616 153 297 408 1617 539 1618 211 764 1619 1620 1621 
1622 413 148 1623 1624 259 60 1115 1625 1626 625 1627 
101 1628 286 275 1629 10 
1630 257 410 1090 160 43 363 10 
10 43 211 669 1631 1227 1632 1633 1447 1448 110 10 1449 449 1450 1451 1452 1453 1634 
189 1635 85 1636 72 211 10 1637 1638 1639 1640 1641 1642 
10 1447 1448 106 1643 617 1644 438 106 1645 138 1646 297 1453 1647 
1648 10 1447 1448 106 1643 617 1644 438 106 1645 138 1646 297 1453 1649 
1650 1651 1652 55 1653 189 1635 85 1636 72 211 10 1637 1638 1639 1654 1655 1641 1642 
1656 86 60 1657 1658 55 4 1659 43 10 1660 418 1661 151 1662 1663 991 1547 103 60 94 1664 
1665 10 915 1666 1667 1668 1669 438 1670 
653 10 915 1666 1667 1668 1669 1671 60 1547 1448 110 211 136 710 1672 0 
10 915 1666 1667 1668 1669 1671 60 1547 1448 110 211 136 137 138 2 1673 1674 
10 915 1666 1667 1668 1669 1671 60 1547 1448 110 211 136 137 138 2 1673 1675 
940 4 2 24 10 1132 1133 60 1134 1135 138 191 1136 1137 1138 1676 
247 248 1063 404 60 1677 1678 1635 85 1636 72 208 584 53 1679 1680 53 1681 1682 1683 137 1684 1685 
339 194 211 1292 541 1686 10 1288 1687 301 1605 1688 1610 1689 
10 259 1690 1691 1613 4 1692 223 
24 1693 1665 10 915 1666 1667 1668 1669 438 1670 
38 1694 1506 1695 1282 1285 541 106 584 259 1696 304 194 1697 1698 1350 1699 
24 1700 1701 10 1702 148 1703 1704 1705 
120 842 425 259 298 10 1547 1706 1707 1708 
24 1709 247 248 1063 404 60 1677 1678 1635 85 1636 72 208 584 53 1679 1680 53 1681 1682 1683 1232 205 
1710 10 915 1666 1667 1668 1669 438 1711 
211 10 1452 1453 948 1712 239 116 10 1280 1476 211 1713 1452 1714 1227 64 106 201 1280 51 284 
1715 1716 106 1717 1718 297 211 998 1719 297 291 1282 1720 1721 408 120 1722 410 10 
24 1723 1571 10 1572 1573 1574 749 1724 1725 1726 
1292 541 1727 1728 1729 255 1352 1730 4 339 286 1487 10 259 1322 745 1731 1732 1733 1734 
1735 1736 1737 1738 110 1739 37 1018 410 1380 1740 1741 4 1742 1743 
1292 541 1727 1729 255 1352 1730 4 339 286 541 103 282 1744 10 1322 745 1731 1732 1745 1734 
10 75 1746 43 211 1292 1347 
386 259 1747 1748 177 10 1328 75 1749 
276 276 1750 1281 1751 
120 386 259 601 211 1593 407 10 1547 1752 1753 43 364 1452 1661 1754 1755 1756 
120 1324 1292 1757 138 211 10 541 1502 1758 
1495 598 108 257 10 1759 51 1760 103 211 1292 233 541 1761 
1495 598 108 257 10 1759 1762 51 1760 103 211 1292 233 541 1761 
24 1763 10 148 1635 1704 1705 189 1764 949 43 1765 1766 1767 1768 106 1769 138 1770 1771 184 205 
1219 24 1772 1773 259 1286 1287 1282 541 4 406 137 1288 816 70 1289 1774 1751 
1447 1448 110 10 1547 1666 1645 138 234 1775 1452 363 1776 297 1777 1778 949 1779 1780 1781 
1782 1447 1448 110 10 1547 1666 1645 138 234 1775 1452 363 1776 297 1453 1783 0 
24 1784 1495 598 108 257 10 1759 1762 51 1760 103 211 1292 233 541 1761 
1785 1786 1787 1788 1789 584 1790 1791 1792 1793 1794 
24 1795 120 1090 85 1796 72 211 10 646 1797 1798 1439 826 1799 
1800 231 601 1801 1787 1788 1789 584 1790 1792 1791 1802 1803 
1701 211 1804 259 558 10 1547 1805 38 1806 1807 
1808 259 1809 1613 1287 110 1810 1811 1812 705 
10 259 1813 1751 
211 1751 1814 259 211 301 1815 1488 1814 1816 1817 297 10 915 1818 1819 1333 497 194 1820 1821 
86 1282 106 76 60 1347 1822 1823 38 1057 1057 351 1561 1824 0 584 
301 1825 1613 1826 1292 1358 1359 1827 584 1751 
24 1763 10 148 1635 1704 1705 189 1764 949 43 1765 1766 1767 1768 106 1769 138 1770 1771 184 205 
1828 10 259 376 4 1485 1316 1829 
1830 1486 10 233 1831 803 1832 1833 1834 1835 1836 1837 1838 
1839 4 584 103 1840 1285 1841 1588 1842 10 259 75 1843 211 1844 1845 255 363 211 1844 1846 138 153 1847 1141 
24 1848 211 1751 1814 259 211 301 1815 1488 1814 1816 1817 297 10 915 1818 1819 1333 497 194 1849 205 
1850 177 1769 211 1851 1852 539 339 364 1853 211 10 275 1195 1316 1854 
1855 10 1328 103 1024 1607 1856 1857 1858 1687 406 1859 1860 
85 1861 72 10 1862 363 1863 1504 1864 
1865 276 1219 1751 
24 1848 211 1751 1814 259 211 301 1815 1488 1814 1816 1817 297 10 915 1818 1819 1333 497 194 1849 205 
924 211 1866 1867 1868 1869 10 915 1666 1667 1668 1669 438 1870 
1871 1872 1873 38 1874 138 56 1751 
1875 1876 1877 211 233 541 1347 825 1292 1878 625 1879 1285 584 887 0 1880 
1875 1881 1876 1877 211 233 541 1347 825 1285 1878 625 1879 584 887 0 1880 
1227 1882 1219 1875 1876 1877 211 233 541 1347 825 1285 1878 625 1879 584 887 0 1880 
1875 1876 1877 211 233 541 1347 825 1285 1878 625 1879 584 887 0 1880 1883 
1884 1885 1219 24 1886 92 148 38 119 1292 541 1014 55 863 4 1252 1496 286 601 1222 1887 442 106 1888 
92 51 910 1378 949 43 211 787 767 103 211 1889 1890 
1891 588 10 1892 1547 1893 1894 1895 116 1896 43 1550 1897 1896 43 2 1898 
24 1899 1227 1900 1901 53 1902 103 1903 1904 297 60 1358 1905 625 211 1292 541 1361 1906 893 53 205 
24 1848 211 1751 1814 259 211 301 1815 1488 1814 1816 1817 297 10 915 1818 1819 1333 497 194 1849 205 
24 1848 211 1751 1814 259 211 301 1815 1488 1814 1816 1817 297 10 915 1818 1819 1333 497 194 1849 205 
165 10 733 364 1907 1908 1909 1607 1910 491 234 1911 
1912 10 1529 106 92 406 339 1316 1282 1913 
408 44 1851 1914 539 1316 1915 1916 297 1917 584 342 1918 
1919 729 276 4 291 817 1920 1921 297 291 1524 159 1922 1490 43 1923 282 1352 106 1924 1923 10 1525 
1285 259 1286 1287 1282 541 4 406 338 839 1924 47 849 1925 37 201 53 64 75 1926 1927 1928 53 1929 1930 
1931 1932 1195 4 425 1933 106 1490 1373 257 410 731 148 1292 1934 101 1490 43 106 1764 43 282 10 1352 
1935 406 211 1477 1936 51 43 211 646 1937 1938 43 10 148 547 4 1939 1940 
10 1941 1942 425 259 1018 99 1943 1944 
10 295 410 491 116 1945 1946 312 1947 1944 
10 1948 1949 1944 
10 1950 1951 106 1952 1953 176 1954 1325 1955 4 1956 297 1518 
10 101 103 1957 1958 542 1959 
10 1960 1961 1949 1962 1963 
10 1775 1452 179 151 1286 1964 1959 
10 1965 601 1966 1967 1968 1969 1970 1971 1534 1972 1973 1974 1963 
10 1975 1976 1977 588 1978 1752 1979 1980 1981 
10 1982 1983 1984 
10 1775 1452 274 1985 1944 
10 1775 1452 1986 1987 1963 
1988 1989 282 10 1352 103 1292 
10 257 425 259 1990 601 1966 588 211 1991 694 1992 1993 1994 1963 
10 1995 1202 1996 1997 1998 1965 53 1897 1999 
10 408 1943 539 70 2000 1999 
10 2001 2002 2003 2004 
10 2005 2006 588 2007 106 2001 1963 
2008 211 2009 600 2010 64 2011 1134 4 2012 2013 72 2014 24 2015 10 338 101 1195 2016 2017 2018 
10 298 2019 4 1452 2020 43 2021 1999 
333 2022 116 619 839 2023 239 376 1220 1892 2024 106 47 1452 1453 1353 86 297 2025 669 1953 2026 10 338 364 1521 2027 
0 1278 10 641 255 526 529 745 644 211 192 2028 1279 
10 893 313 1943 2029 588 2030 2031 43 211 1943 2029 1984 
10 2032 2033 43 2034 2035 1999 
2036 2037 2038 72 211 10 1547 634 106 47 2039 2040 138 2041 2042 2043 43 2044 2045 
10 2046 2047 1949 588 2048 2049 2050 893 1959 
10 1965 601 1966 1202 2051 825 983 431 2052 
10 2053 2054 2055 1944 
10 2001 2002 2003 2056 
10 2001 2057 156 588 2050 2058 1959 
10 425 259 1018 2059 2060 1984 
10 2061 2062 2050 2063 
10 408 4 935 1943 2064 2053 1981 
10 2065 1943 2066 2067 2068 563 2069 2070 4 288 363 2071 106 286 1943 2072 2073 1984 
10 2074 1949 1981 
10 2075 2076 749 2077 2001 1949 2052 
10 2001 1949 2078 2079 2056 
10 2080 2081 588 2082 2083 588 211 2084 2085 2063 
10 1967 1968 1969 1970 1971 1965 601 1966 2063 
2086 257 184 1490 2087 167 539 339 120 2088 75 86 101 567 2089 286 1613 103 10 106 2090 1906 893 1085 
10 2091 2092 106 2093 2094 2095 2096 2097 1074 2098 2099 
10 2100 1072 2101 588 1943 2102 2103 363 60 2104 2105 156 2106 2056 
10 1775 1452 363 60 2107 2108 2109 
10 2063 
10 2110 2111 588 2112 944 106 2113 2011 749 2001 2114 1949 72 150 1949 4 1048 2115 2116 2056 
10 2001 1097 588 2117 539 2118 2119 2052 
10 2048 2120 2001 2050 2121 
10 2122 2050 300 2001 1961 2123 177 2124 
10 408 4 935 1943 2064 2053 2121 
10 2046 2047 1949 588 2125 2126 2050 2124 
10 2127 2128 2129 1906 2130 2126 2050 588 2131 552 2132 2124 
10 2001 2133 2134 2050 2121 
10 1775 1452 2135 2063 
10 406 211 179 1965 1963 
10 2136 138 2137 588 2138 1995 49 588 291 2139 2121 
10 298 2019 933 410 2140 2121 
10 2141 1943 2142 2050 2109 
10 2115 2143 1202 1965 2028 2143 1202 297 211 2144 2145 1085 53 2146 552 2147 
10 2050 2058 588 2148 2149 2150 2151 2147 
10 211 2152 588 1865 276 2153 1961 2099 
10 2154 2061 363 2075 2155 2050 2147 
10 2156 449 825 1943 2157 2158 588 619 2159 2056 
10 342 1943 2160 2161 2162 2163 43 60 2164 588 795 156 2056 
10 342 2001 1164 2165 2166 2050 2063 
10 192 138 2167 2168 2169 
10 295 410 491 2170 2171 2172 2052 
10 2173 2174 1965 2175 2176 2177 2056 
10 364 601 70 1943 1208 2178 2099 
2179 1220 51 2180 2181 4 1961 2182 558 10 2183 
10 211 2184 2185 2186 2187 588 2188 2189 11 2175 795 2190 2191 2192 2193 2194 2169 
10 2001 2050 963 2195 106 2196 2109 
1808 2197 2198 138 2199 255 43 211 2200 2201 259 55 211 2202 2203 1331 259 286 601 938 2204 
10 2205 156 1943 2206 2207 588 2208 795 1504 2169 
10 2209 2210 2050 2109 
10 863 1943 2155 2056 
10 2211 1943 2212 2213 588 211 2214 138 2215 1202 2216 2217 442 2218 2052 
10 2219 2011 269 2220 2050 2221 2222 2109 
10 2223 2050 2001 192 2224 2143 540 2225 231 2053 2226 2227 1645 2124 
10 295 410 491 239 297 211 2228 2229 2052 
10 2109 
1038 92 295 70 92 51 1378 949 43 211 1511 2230 211 1751 1890 2231 694 10 641 255 2232 
10 211 2233 433 607 588 1943 103 2234 2235 2236 
10 2237 2238 2053 2239 1965 2121 
2240 2241 2242 2243 72 2244 697 4 10 43 60 2245 
10 2246 2247 619 2248 259 2249 2250 
10 2251 588 2252 2053 1202 1965 2236 
10 1967 1968 1969 1970 1971 1965 601 1966 2236 
10 2253 2254 1969 2255 2256 588 2257 103 239 2121 
10 2258 588 2259 2069 2260 2261 2262 2263 
10 2264 300 2265 2266 2236 
10 211 2267 588 406 2268 1965 2269 
10 2001 2270 150 2050 2269 
10 1943 2075 2271 53 2272 2273 2028 2274 2275 2109 
10 2050 2058 588 2276 2277 2278 
10 2279 1943 2280 2281 2282 2263 
10 2283 1428 449 2050 2284 2263 
2285 2286 425 2287 10 915 106 2288 2289 2290 2291 341 2292 2293 167 1304 497 975 
10 2050 2294 2295 211 2296 2297 2298 2299 
10 211 1943 2300 2301 2302 2269 
10 2303 2304 2305 2306 2307 2308 2309 2310 2311 53 286 1943 669 2263 
10 2312 2313 2208 588 795 2314 2315 2313 2316 2317 2318 
10 2319 2320 2001 2321 1949 2322 2299 
10 295 410 491 2170 2171 2172 2323 
10 2053 2324 1965 2325 
10 211 2053 1591 2325 
10 2326 138 1202 156 2327 426 2328 2299 
10 2048 2120 2001 2050 2325 
933 120 1158 103 1657 2329 363 2330 10 2331 120 862 2332 1657 2333 2334 
10 298 2019 933 60 1452 2335 1499 362 138 2021 2263 
10 2336 588 1943 2337 2338 2339 2278 
10 211 2184 2185 2186 2187 588 2188 2189 11 2175 795 2190 2191 2192 2193 2194 2323 
10 2205 156 1943 2206 2207 588 2208 795 971 2318 
10 2053 1965 43 2340 406 2341 2342 1997 2343 2299 
10 2344 2345 2346 60 1943 2347 588 2348 2250 
10 2349 915 1775 1452 297 211 2350 2299 
10 1775 1452 2351 1987 2352 
211 2353 103 406 116 1404 2354 948 4 732 110 307 2355 794 259 1018 211 1021 259 118 2356 118 70 259 43 10 1014 
10 646 2357 1965 138 2358 2359 2318 
10 295 410 491 2360 2361 858 2362 2363 2263 
10 1775 1452 312 619 282 2364 2323 
10 2053 1202 825 156 2365 1280 2325 
10 2058 239 1656 2366 211 2367 138 231 2368 2325 
10 2369 515 2370 103 1111 588 2371 2372 269 2053 2373 2323 
10 2374 2375 2376 2050 588 2377 1949 2378 
10 646 2357 1965 138 2358 2359 2250 
10 211 2184 2185 2186 2187 588 2379 2380 11 2175 795 2381 2191 2192 2193 2194 2325 
10 2053 2382 110 2383 2384 588 2385 2299 
10 2386 1090 935 410 2053 2352 
10 1457 2050 2387 2388 2352 
10 2389 1457 2390 2391 2050 2378 
10 192 2048 2392 1074 2050 2393 948 60 2001 2394 2154 297 2395 2250 
10 2396 2397 2398 1965 2278 
10 2399 1574 393 2400 2401 1202 1965 2263 
10 2402 2403 2404 1451 2405 2406 43 465 363 2407 2408 53 286 1943 669 2325 
10 1155 2409 2410 1043 2411 2318 
1154 2412 2413 406 116 43 119 2414 429 2415 2416 2417 211 1347 259 557 103 1894 2418 74 10 2419 43 2414 429 2415 2420 
10 1775 1452 2135 2325 
10 1892 1547 1893 1894 1895 116 1896 43 1550 1897 1896 43 648 2421 
10 1892 1547 2422 1666 1667 1668 1669 438 106 2423 2424 
425 211 2425 116 2426 2427 2428 2429 1009 2430 2431 1292 189 2432 1286 406 10 2433 211 1316 1282 2434 
10 192 1943 2435 588 2436 2437 2437 2437 2438 893 2439 
10 2048 2120 2001 2050 2378 
10 2264 300 2440 2441 376 211 426 2442 2443 2439 
10 2053 1048 449 944 2444 825 2445 2446 2447 2448 2449 2450 2451 2325 
10 893 313 1943 2029 588 2452 2453 43 211 1943 2029 2378 
10 539 1775 1452 2454 282 2455 2439 
10 1775 1452 1923 2456 2325 
10 295 410 491 2457 279 1752 2458 
10 1943 43 211 2459 2460 
10 893 313 1943 2029 588 2461 2462 43 211 1943 2029 2378 
10 295 410 491 70 1249 2172 2463 
598 148 558 10 1378 120 1379 1380 603 2464 
10 2047 1949 2458 
10 1775 1452 2351 1987 2463 
10 295 410 491 2360 2361 858 2362 2363 2378 
10 2465 2466 2304 1499 194 60 2467 72 60 2468 2469 2470 2471 1943 2472 2473 53 286 669 2460 
10 2053 2219 2396 363 2078 2474 2463 
10 2475 2476 2477 2050 2458 
10 2478 2362 2479 2050 588 2480 2481 2482 2483 2484 588 2485 1968 588 211 742 2460 
10 2486 2487 2050 2488 
10 2489 2490 2491 423 2193 532 588 2492 2493 1943 2494 2454 2495 2496 2318 
10 1775 1452 282 2455 2497 
10 811 1947 2498 2458 
10 2499 2500 2050 300 60 2501 2502 38 2503 2497 
10 211 2504 2505 2506 588 2507 588 646 1968 493 1943 1097 1074 2508 2460 
10 2509 271 2510 363 2511 72 2512 375 2379 2488 
24 2513 1154 2412 2413 406 116 43 119 2414 429 2415 2416 2417 211 1347 259 557 103 1894 2418 74 10 2419 43 2414 1210 205 
10 295 410 491 298 120 295 366 2514 
10 2515 2516 2517 2518 1943 2519 2497 
10 192 138 101 103 1957 1958 588 192 2520 1949 2521 
10 2522 2523 2524 588 795 2525 588 2526 2527 2528 588 1943 2529 2514 
10 2530 2531 2532 2533 1943 2518 2519 2514 
10 295 410 491 148 410 2534 2439 
10 1775 1452 282 2535 931 407 2439 
24 2536 1950 72 1901 55 2537 4 211 927 1619 403 2538 2539 53 5 2540 43 2541 2542 
10 2543 542 2544 1750 2493 2545 136 2546 2493 291 2547 1074 363 2548 2521 
10 872 2549 2053 2550 2551 2552 
10 2553 2554 2126 2050 1978 893 138 156 2555 156 2105 2556 2439 
43 2557 2558 2559 1018 211 10 2560 259 38 2561 371 92 148 2562 4 557 449 211 233 10 2563 283 286 2564 2565 2566 
10 1775 1452 179 151 1286 1964 2552 
10 2567 588 790 120 2568 2552 
24 2569 43 2557 2558 2559 1018 211 10 2560 259 38 2561 371 92 148 2562 4 557 449 211 233 10 2563 283 286 205 
10 2570 53 2571 2262 211 2572 351 2573 2001 705 2574 
10 60 1520 601 1324 588 2575 2576 2006 2439 
10 893 313 1943 2029 588 2461 2462 43 211 1943 2029 2439 
10 1775 1452 211 619 138 2577 2574 
10 1775 1452 581 1378 2578 2579 
10 2580 1574 1326 211 2581 1202 1965 72 2582 2583 2584 2574 
10 1775 1452 2585 2586 2458 
2587 957 2588 2589 949 138 211 2590 1324 2591 43 211 2592 138 2593 2594 2595 2596 2597 
10 1775 1452 101 151 282 2455 2463 
2598 410 148 1900 375 2599 2600 410 103 2601 375 935 77 2602 532 363 282 2603 2604 2605 2606 
177 2607 10 259 2608 1346 138 211 2322 255 297 2609 298 60 2610 138 2611 74 2612 120 75 148 1555 1486 138 1591 1487 2613 
10 2053 2614 2615 2154 2616 106 2617 2618 2619 2458 
10 2620 2621 588 1324 2053 588 2622 2623 2624 2458 
10 2625 2626 2493 1691 2627 2628 
10 1547 849 259 2629 449 2630 2013 449 363 211 2631 2632 1067 2633 
10 2634 1804 259 2635 106 2636 2637 588 2001 1097 351 491 2574 
10 976 2638 588 2639 2640 2641 2642 2643 
24 2644 2645 2646 138 211 1892 2647 839 2648 1452 2649 1223 2650 71 110 2651 53 56 1006 211 2394 138 47 488 2652 205 
24 2653 946 5 1292 60 1376 2654 339 1555 1486 1591 1487 2655 10 2656 138 255 2657 339 1504 2658 2659 2660 
10 2661 2662 2663 2050 2058 2664 588 2377 1949 2521 
24 1763 10 148 1635 1704 1705 189 1764 949 43 1765 1766 1767 1768 106 1769 138 1770 1771 184 205 
10 2665 2666 2667 588 2668 2669 2521 
2670 2671 1024 10 72 646 2672 191 2673 201 72 1501 2300 2674 2675 732 297 201 2676 120 1304 116 1316 138 1292 1487 
10 2677 588 2678 2050 1328 2679 
10 2680 138 1775 1452 2681 2679 
10 211 2048 2554 2682 588 2105 2523 1266 156 2683 
10 425 872 2684 259 2685 2686 2687 2688 588 2689 2690 1965 588 2643 
10 295 410 491 2691 2643 
10 2692 2693 2643 
2694 2695 2696 425 2697 55 110 10 949 2698 363 2699 2535 949 380 120 360 552 211 250 1453 2700 
10 2047 2701 1949 2702 2703 
10 2554 2050 2704 1752 72 211 2705 2047 1097 2706 2683 
10 231 2053 1939 2707 2708 
24 2569 43 2557 2558 2559 1018 211 10 2560 259 38 2561 371 92 148 2562 4 557 449 211 233 10 2563 283 286 205 
10 2709 53 2710 588 211 2680 588 2447 2711 2521 
10 2712 619 2050 2708 
10 2001 1949 2078 2079 2574 
10 2713 2714 2715 2050 297 2716 2717 2679 
10 295 410 491 239 2718 2579 
10 2719 2720 2721 1965 2028 2719 2720 2722 2723 2679 
10 2665 2666 2667 588 2668 2669 2708 
10 2389 1457 2390 2391 2050 2521 
10 2724 449 1943 2725 2726 588 619 2727 2579 
10 2728 2050 2729 211 2730 177 2708 
10 1943 588 2731 1943 588 2732 2733 646 442 2734 2579 
10 2708 
10 2735 2736 138 2737 2738 588 2053 2739 2740 2741 2742 106 2743 2744 2745 588 2746 2747 
10 2748 2749 588 1943 2750 588 2751 2752 2521 
2753 364 2754 2755 364 2754 56 2756 17 2757 2758 
10 211 2759 351 85 2053 2523 2703 
10 101 103 1957 2760 1949 2001 2579 
10 2761 53 2762 2763 2764 2765 588 2766 1965 2767 2703 
10 2768 1965 749 2769 2770 2771 2683 
10 931 2362 2050 2058 2643 
10 2772 1965 297 2773 607 2579 
10 539 1775 1452 274 60 2774 2574 
10 295 410 491 60 2775 827 825 235 2679 
10 2776 2777 588 1943 2778 251 588 619 2779 2574 
10 2703 
2695 2696 2694 151 2780 2781 211 1804 259 43 37 2782 43 2783 
10 1775 1452 1985 2784 2785 2703 
24 2653 946 5 1292 60 1376 2654 339 1555 1486 1591 1487 2655 10 2656 138 255 2657 339 1504 2658 2659 2660 
24 2786 2695 2696 2694 151 2780 2781 211 1804 259 43 37 2782 43 2783 
10 2787 2788 297 211 2789 2790 2791 2792 2793 2794 53 286 1943 2072 669 2579 
10 60 2053 2795 2796 2643 
2694 2695 2696 402 2058 234 211 10 1448 11 299 259 2797 2798 
10 2799 883 376 2800 2801 2802 4 2803 2804 2805 53 286 1943 2072 669 2703 
10 2806 588 2807 2808 2279 4 2806 2809 2810 
10 2811 53 2276 2812 2813 1943 2211 2814 2815 2812 2816 
10 2053 2817 297 60 2818 2819 2820 2821 2810 
10 1943 2280 2050 304 2643 
10 2148 915 2050 2822 2679 
10 2197 2198 138 2199 255 43 211 787 2823 625 2824 1544 1292 1555 1486 156 2825 74 1950 2826 1953 2613 
24 1899 2827 601 10 1547 255 259 2828 60 2829 2830 38 291 2831 2832 2676 1304 4 148 60 2075 1657 407 43 2833 405 287 2834 205 
2835 276 4 1292 2836 541 1347 2836 1729 282 10 1352 2837 
10 2001 1703 2838 2050 2703 
2753 211 2646 110 2839 211 2155 110 2840 
10 2841 2842 2518 1943 2578 2843 2519 2810 
10 2844 2845 2846 2523 588 2847 2848 1965 2849 825 2850 2851 2194 2683 
10 295 410 491 298 1371 101 295 4 375 1565 2683 
10 2852 2853 2854 1965 2816 
10 2306 2304 2855 192 2856 2857 2858 2859 2860 376 2861 2862 53 286 1943 669 2816 
2863 2694 2696 10 2864 2865 2866 1141 
160 375 297 2867 2868 2869 4 2870 53 2871 72 601 2872 1324 2873 2874 807 2875 2876 286 297 817 
10 2001 2877 588 2001 2877 588 2001 2878 2879 2880 540 2683 
10 1947 2881 2882 2883 43 211 2884 2747 
10 2219 2001 2050 426 2747 
10 1943 2885 2886 2679 
24 2887 2863 2694 2696 10 2864 2865 2866 1141 
10 2888 211 2560 588 2889 43 211 1943 2029 2816 
10 2890 2891 1949 2816 
10 2683 
10 493 2892 2893 2467 588 2894 53 2053 2895 2896 2897 2898 
10 2053 2899 1202 110 2688 607 2747 
10 1775 1452 4 2900 2901 2683 
10 342 1943 2902 2903 1452 2843 2314 718 2904 
10 1080 2905 106 2906 2907 2908 
10 1080 2909 2910 1089 2911 1101 259 2912 103 558 2913 106 2914 2915 4 2916 2917 
10 1080 2918 106 2919 1089 425 259 558 2180 426 1085 4 288 363 191 915 752 2920 
2921 2922 2923 2924 2925 2926 2927 2928 814 103 601 2872 1324 2929 812 2930 2931 
10 2932 2933 2934 60 2935 2936 2937 72 60 2938 2939 53 286 1943 669 2747 
10 2001 1949 1328 2898 
10 1943 1752 601 2692 2940 2941 588 619 2942 2904 
10 858 2943 2724 449 2280 2904 
24 2944 342 2945 825 10 2946 211 1889 201 53 64 51 43 211 646 2947 240 2948 915 1904 1846 205 
10 2949 588 2950 449 2951 2822 2001 2952 2816 
2953 177 120 101 2954 4 291 2955 257 2956 278 1380 43 211 448 120 539 1476 410 291 2957 10 2958 
10 1775 1452 1429 4 339 2959 2960 
10 1943 1943 2961 2962 588 410 403 108 298 86 601 4 85 2963 2964 
10 1943 2965 2966 2904 
10 2050 2001 1097 43 2663 2904 
24 1899 2827 601 10 1547 255 259 2828 60 2829 2830 38 291 2831 2832 2676 1304 4 148 60 2075 1657 407 43 2833 405 287 2834 205 
10 2967 1535 106 2968 1949 588 1752 106 556 588 2001 2969 1097 2964 
10 487 1280 2279 2904 
10 601 1038 2970 601 2191 2971 588 619 2972 2816 
10 192 138 101 103 1957 1958 588 2047 2973 2838 2974 
2975 211 1452 1453 138 425 1447 1448 110 10 1547 106 2113 2976 
10 295 410 491 211 2665 425 2977 2974 
10 2978 2979 406 211 179 1965 2980 2981 2964 
24 2569 43 2557 2558 2559 1018 211 10 2560 259 38 2561 371 92 148 2562 4 557 449 211 233 10 2563 283 286 205 
10 1943 2982 2691 2983 2898 
10 893 313 1943 2029 588 2984 2985 43 211 1943 2029 2986 
10 2987 2988 1174 2989 4 2990 2991 2787 2992 60 426 2955 106 286 1943 2072 2073 2986 
10 211 1943 2347 2993 2994 
10 2032 1965 2995 2996 2904 
10 2223 2050 2001 192 2224 2143 540 2225 231 2053 2226 2227 1645 2997 
10 2053 1968 685 487 2998 2155 2999 3000 3001 362 2699 1965 2997 
10 2790 2791 53 3002 3003 339 3004 3005 3006 3007 3008 3009 53 286 1943 669 2994 
10 3010 3011 3012 3013 3014 3015 3016 3017 3018 3019 3020 53 286 1943 669 2904 
10 2001 2050 106 548 2219 3021 2964 
10 3022 3023 3024 3025 3026 1965 106 3027 3028 3029 49 2960 
10 423 2193 588 3030 3031 3032 1943 3033 3034 
10 3035 3036 3037 2438 110 3038 588 263 2684 156 2964 
24 1899 2827 601 10 1547 255 259 2828 60 2829 2830 38 291 2831 2832 2676 1304 4 148 60 2075 1657 407 43 2833 405 287 2834 205 
10 1775 1452 581 1378 2578 3034 
10 2580 1574 1326 211 2581 1202 1965 72 2582 2583 2584 2997 
10 1775 1452 368 60 3039 3040 
10 3041 3042 2994 
10 2053 3043 2450 3040 
10 295 410 491 211 3044 3045 2960 
10 3046 3047 588 3048 2964 
10 3022 3023 3024 3025 3026 1965 106 3027 3028 3029 49 2994 
10 72 211 646 138 211 1292 541 1361 931 106 312 407 3049 85 1346 138 223 43 3050 3051 
10 1775 1452 3052 410 3053 
10 1995 1202 1996 1997 1998 1965 53 1897 2994 
10 191 931 1202 588 2053 3054 932 609 1324 2960 
10 2156 449 825 1943 2157 2158 588 619 2159 2960 
10 1775 1452 931 3055 2964 
10 298 2019 257 410 2140 2960 
24 2569 43 2557 2558 2559 1018 211 10 2560 259 38 2561 371 92 148 2562 4 557 449 211 233 10 2563 283 286 205 
2975 10 500 3056 
10 295 410 491 3057 3058 449 2172 2994 
10 211 2184 2185 2186 2187 588 3059 3060 588 2175 795 1555 2191 2192 2193 2194 3061 
10 1948 3062 2050 2960 
3063 3064 10 3065 3066 85 3067 10 3068 
10 2888 3069 3070 588 2545 3071 2211 1943 3072 106 60 3073 697 211 3074 3075 
10 1775 1452 282 3076 2535 2997 
10 3077 588 1943 3078 53 3079 588 3080 3081 3082 3083 3084 3061 
10 3085 588 448 138 407 588 1961 2512 2994 
10 3086 2050 72 3087 3088 
10 3089 973 3090 3091 1960 1961 2050 3092 3093 3075 
10 539 1775 1452 274 60 2774 3061 
10 1775 1452 1429 103 60 3094 3095 
10 2050 3096 2903 3097 3098 2699 265 3099 1961 1451 211 3100 3088 
10 3101 1943 3102 588 2092 106 3103 3104 3105 3106 
10 77 619 363 3107 3108 588 77 619 363 3107 3108 588 3109 3110 1018 3111 38 2568 3075 
10 2001 2626 3053 
24 1899 2827 601 10 1547 255 259 2828 60 2829 2830 38 291 2831 2832 2676 1304 4 148 60 2075 1657 407 43 2833 405 287 2834 205 
10 1943 2075 2271 53 2272 2273 2028 2274 2275 3075 
10 3112 3113 211 3114 363 2113 3115 205 3116 3117 3118 
10 1090 2303 3119 363 2113 487 3120 2861 4 3121 297 3122 3123 158 53 286 1943 669 3061 
10 2319 2320 2001 2321 1949 2322 3106 
10 3124 588 3125 3126 2126 2050 588 2001 2262 3127 1565 3128 3129 3130 3131 3088 
120 1095 60 1096 1097 3132 3133 3134 2105 58 3135 
10 78 3136 1949 363 3137 3138 3106 
10 1775 1452 368 3139 3140 
10 3106 
10 3141 3142 2053 2451 3140 
10 2768 3143 3144 110 2385 342 3145 3061 
10 1943 2782 297 3146 3147 3148 588 619 3149 3088 
10 2001 3150 2313 2050 963 2058 3088 
10 3151 3152 3153 3154 3155 3156 1510 1501 3157 406 3154 3158 3159 3140 
35 4 2330 10 1557 60 1520 138 375 3160 1090 148 3161 834 103 191 3162 3163 103 211 377 156 3164 3165 
3166 3167 1121 3168 1281 1281 1281 
24 1886 35 4 2330 10 1557 60 1520 138 375 3160 1090 148 60 3161 834 103 191 3162 3163 103 211 377 156 3164 3165 
1440 3169 3170 2828 3171 1443 184 924 3172 3173 991 43 10 3174 
3175 3176 1206 2684 3177 1154 539 3178 362 3179 697 72 406 3180 418 3181 
106 3182 43 3183 10 1950 3184 449 103 211 3185 2261 431 
3186 925 297 116 10 1547 1258 1453 51 1332 1476 60 1520 138 402 3187 3188 500 3189 
99 72 137 982 694 10 3190 3191 3192 
3193 3194 286 1613 4 339 211 1316 103 3195 120 386 406 3196 3197 151 116 259 4 1042 4 2156 10 103 3198 
38 200 609 375 3199 444 3200 3201 257 3202 53 3203 51 3199 444 3204 1018 1495 10 121 4 935 77 3199 444 503 
3205 4 3206 2523 3207 103 2089 3208 211 1285 1841 541 1347 3209 339 282 1282 541 371 1288 584 1681 3210 
3211 729 410 108 10 259 745 931 763 75 43 211 1686 1904 72 76 3212 1141 
24 1848 2831 3213 1901 3214 403 85 38 3215 363 282 1751 3216 3217 259 167 3218 205 
3219 3220 184 167 539 339 211 1316 110 3221 
584 1547 1448 43 1644 1453 1661 189 148 3222 449 286 297 191 3223 3224 
211 3225 3226 749 1993 3227 259 75 3228 3229 
211 3225 3226 749 1993 3230 3227 259 75 3228 3229 
24 2569 43 2557 2558 2559 1018 211 10 2560 259 38 2561 371 92 148 2562 4 557 449 211 233 10 2563 283 286 205 
333 295 10 148 60 2560 3231 3232 3233 2487 3234 120 295 55 148 3235 
3236 3237 3238 3239 3240 263 3241 
3242 3243 3244 3245 3246 3247 3236 3237 3238 3239 3248 3249 
10 915 3250 937 1453 138 1668 1669 438 3251 
3236 3237 3238 3239 3248 3242 3243 3244 3245 3246 3247 3252 
3236 3237 3238 3239 3248 3242 3243 3244 3245 3246 3247 3253 
3236 3237 3238 3239 3248 3242 3243 3244 3245 3246 3247 3254 
3255 3256 3257 92 10 51 1378 949 297 211 1292 541 1361 
3258 3259 43 151 3260 3261 1713 2749 3262 138 291 10 3263 3264 3265 120 1304 4 935 3266 425 259 211 312 3267 
3268 1368 2754 76 301 257 410 148 558 10 1404 410 403 148 4 3269 
3270 1141 3271 3272 3273 10 3274 
3275 539 584 862 4 3276 3277 1447 1448 839 2648 2649 138 1644 363 1643 1647 
1891 588 3278 3279 3280 3281 298 539 10 862 4 3282 3283 
24 3284 3285 588 3286 362 3287 3288 10 3289 338 121 683 3290 60 3291 4 339 3292 189 3285 1476 3293 205 
3294 101 924 211 1453 138 211 10 338 839 2648 3295 925 138 3296 3297 
1029 10 915 1554 85 3298 103 3299 3300 3301 3302 648 366 259 60 3303 116 205 3304 
640 10 915 1554 85 3298 103 3299 3300 3301 3302 648 366 259 60 3305 3306 0 
10 915 1554 85 3298 103 3299 3300 3301 3302 648 366 259 60 3303 116 60 3307 3308 
10 915 3250 937 1453 138 1668 1669 438 588 3309 669 2 3310 
10 915 1554 85 3298 103 3299 3300 3301 532 3311 
24 3312 10 915 3250 937 1453 138 1668 1669 438 588 3309 669 2 3310 
10 915 1554 85 3298 103 3299 3300 3301 532 3313 
3314 120 3315 86 211 3316 3317 558 1447 1448 3318 1322 72 10 1547 3319 
640 10 915 1554 85 3298 103 3299 3300 3301 532 3320 
10 915 1554 85 3298 103 3299 3300 3301 532 3321 0 
10 915 1554 85 3298 103 3299 3300 3301 532 3322 
673 10 915 1554 85 3298 103 3299 3300 3301 532 3323 
3324 3325 43 3326 3327 1404 576 43 1421 121 4 288 38 287 103 291 3328 3329 377 407 367 
952 120 3330 211 10 3331 3332 3333 70 71 342 342 3334 211 3335 103 211 3336 2843 259 3337 3338 1957 3339 3336 
77 3340 138 137 3341 10 259 1328 43 211 3342 43 211 1292 541 1361 3343 584 3344 
1063 60 3345 138 286 429 3346 1292 541 3347 43 37 3348 893 362 138 156 3349 948 60 1292 3350 
74 159 1337 410 539 1490 449 3351 1923 211 998 10 1352 
24 1191 640 10 915 1554 85 3298 103 3299 3300 3301 532 3320 
24 3352 3353 406 2547 3354 3355 1561 3356 825 3357 10 3358 297 3359 53 3360 3361 205 
10 915 1554 85 3298 103 3299 3300 3301 532 3362 625 3363 
10 1448 1666 3364 3365 438 363 2113 1776 297 1224 1453 3366 625 3363 
687 10 4 3367 1448 839 2648 3300 3301 297 1453 3368 
687 10 4 3367 1448 839 2648 3300 3301 297 1453 3369 
10 1090 3367 1447 1448 839 2648 3364 3365 3301 138 3370 106 2113 1776 532 3371 
24 203 10 1090 3367 1447 1448 839 2648 3364 3365 3301 138 3370 106 2113 1776 532 204 205 
24 980 584 1547 1448 43 1644 1453 1661 189 148 3222 449 286 297 191 3223 3224 
10 915 1554 85 3298 103 3299 3300 3301 532 588 668 669 1393 668 669 3372 3373 3374 
3375 10 4 3367 1448 839 2648 3300 3301 297 1453 3376 
10 4 3367 1448 839 2648 3300 3301 297 1453 3377 0 
3378 3379 99 60 3380 253 85 3381 257 3382 148 467 211 10 3383 4 3384 3385 55 101 3386 3387 705 
24 3388 952 120 3330 211 10 3331 3332 3333 70 71 342 342 3334 211 3335 103 211 3336 2843 259 3337 3338 1957 3389 205 
691 10 4 3367 1448 839 2648 3300 3301 297 1453 3390 0 
3391 1892 1448 839 1986 60 1452 1777 298 539 10 862 4 3392 3393 
10 915 1554 85 3298 103 3299 3300 3301 3302 10 915 1554 85 3298 103 3299 3394 3395 
3396 10 4 3397 3398 1452 3399 3400 0 
24 1191 3391 1892 1448 839 1986 60 1452 1777 298 539 10 862 4 3392 3393 
10 3401 3402 297 1447 1448 3278 3279 3403 3364 3365 1453 360 3404 3405 299 1379 85 3406 3407 
0 0 3408 0 3409 915 1554 85 3298 103 3299 3300 3301 3410 3411 661 
24 3412 10 3401 3402 297 1447 1448 3278 3279 3403 3364 3365 1453 360 3404 3405 299 1379 85 3413 205 
24 3412 10 3401 3402 297 1447 1448 3278 3279 3403 3364 3365 1453 360 3404 3405 299 1379 85 3413 205 
3414 601 1687 1332 3415 1452 3399 3416 3417 1006 298 3418 138 3415 1687 3419 376 3420 3421 
3422 372 3423 3424 3425 3426 1246 1997 3427 3428 3037 3429 3430 588 3431 
211 3432 138 211 10 3433 3434 3435 
3436 1337 10 2988 402 3437 301 103 3438 4 3439 70 601 3440 1227 1900 1421 
10 4 3367 1448 839 2648 3300 3301 297 1453 588 3441 668 669 3372 4 3442 3443 
3444 10 4 3367 1448 839 2648 3300 3301 297 1453 588 3445 3446 
3447 10 1529 211 1292 3448 1347 3449 3450 3451 92 406 3452 3453 500 298 3454 
402 138 3455 92 1090 85 1249 4 2193 72 3456 425 3457 3458 892 72 3459 
1004 3460 1565 120 466 1219 839 2070 4 3461 375 47 10 416 
24 3462 402 138 3455 92 1090 85 1249 4 2193 72 3456 425 3457 3458 892 72 3459 
1832 298 120 148 971 106 60 3463 410 189 3464 43 72 291 1594 3436 43 3465 3466 3467 259 1043 3468 110 10 3469 
24 203 10 1090 3367 1447 1448 839 2648 3364 3365 3301 138 3370 106 2113 1776 532 204 205 
0 60 1007 3470 3471 138 60 3472 3473 3474 3475 
3476 3477 3478 103 3479 3480 3481 1504 3482 120 283 3483 367 333 120 3484 2719 2720 72 1219 902 342 3485 2165 114 2613 
1892 1448 839 1986 60 1452 1777 298 539 10 862 4 3392 3486 3487 
3391 1892 1448 839 1986 60 1452 1777 298 539 10 862 4 3488 558 1447 1805 3278 3279 3489 3490 0 
3491 3278 3279 3492 10 3493 3402 3494 600 403 3495 3496 138 3497 351 102 949 3498 1009 3499 55 60 3500 3501 
3502 406 138 410 3503 55 3504 24 1848 43 211 377 3505 3506 491 211 767 3507 211 161 3508 138 211 787 101 1403 449 
3509 3510 3511 2503 952 70 71 3512 825 410 3513 3421 732 4 10 159 1195 2472 2613 
3491 402 3514 165 4 3515 165 4 10 101 1757 949 1448 93 60 1452 1866 106 949 3516 93 558 3517 1463 60 2183 
3518 839 1195 3519 362 138 10 1547 103 1775 60 1453 3520 3299 3069 3521 1463 2113 1643 
3522 10 3523 3524 138 1904 
10 4 3367 1448 839 2648 3300 3301 297 1777 10 4 3367 1448 839 2648 3300 3525 3526 
426 3527 3528 3529 
1892 1448 839 1986 60 1452 1777 298 539 10 862 4 3488 558 1447 1805 3278 3279 3280 3530 839 259 3531 3532 
92 51 493 1251 4 85 1775 60 3533 377 3534 3535 375 103 286 818 1829 
0 2028 3536 1750 2992 426 3537 3538 3539 588 668 3540 3541 661 
37 412 977 362 138 3542 3543 
601 3544 3545 339 3546 4 3547 297 3548 747 72 3549 3550 138 3551 3552 3553 1281 
598 1195 60 10 1378 4 3554 3555 
3556 10 216 297 211 3557 646 3558 3559 3560 
3561 24 3562 3563 3564 3565 3566 3567 3568 3569 3570 3571 3572 3573 3574 3575 3569 56 24 3562 1565 
0 1547 3576 373 4 935 477 3577 
10 1447 1448 3578 3579 3580 103 3299 3364 3365 438 53 1645 138 3370 53 1776 3581 
10 1447 1448 3578 3579 3580 103 3299 3364 3365 438 53 1645 138 3370 53 1776 3582 
24 1461 10 1447 1448 3578 3579 3580 103 3299 3364 3365 438 53 1645 138 3370 53 1776 3583 205 
24 1461 10 1447 1448 3578 3579 3580 103 3299 3364 3365 438 53 1645 138 3370 53 1776 3583 205 
24 3584 257 410 601 3585 1324 716 3586 3587 1282 3588 3589 807 3590 106 3591 286 812 3592 205 
10 4 143 3593 3594 3595 
24 3596 3597 282 2394 259 3598 3599 601 211 3076 10 915 839 2648 2113 3600 3601 3602 
10 1529 211 1292 541 1347 1757 406 211 338 1380 2609 
70 3021 408 119 3603 3604 10 3605 
24 1461 10 1447 1448 3578 3579 3580 103 3299 3364 3365 438 53 1645 138 205 3606 
1892 1448 839 1986 60 1452 1777 298 539 10 862 4 3392 3607 625 1150 
1131 1892 1448 839 1986 60 1452 1777 298 539 10 862 4 3392 3608 
3609 3610 3611 3612 3613 3611 10 3614 3615 
10 915 1554 85 3298 363 3299 3300 3301 532 588 668 3616 3617 
3618 3619 3620 2113 2094 363 2314 10 45 338 839 369 3452 567 3621 1950 3622 
10 915 1554 85 3298 363 3299 3300 3301 532 588 668 3616 3623 
10 4 497 3580 3398 1452 3624 60 3625 3626 3627 3628 295 410 491 2113 3629 3630 3631 3632 
10 915 1554 85 3298 363 3299 3300 3301 532 588 668 3616 3633 
60 3634 304 297 3635 3636 3637 3638 3639 3640 
24 3641 3642 43 3643 4 276 4 10 1757 600 148 60 3644 239 3645 3646 3647 3648 
10 1892 1547 1448 4 2487 3579 3580 103 2603 1453 3649 3650 
24 3388 120 1324 408 2025 300 211 10 1453 438 3651 86 601 60 3652 43 211 2487 4 156 3653 1479 
10 1447 1448 839 2648 1452 438 106 1097 297 1453 3578 3579 3580 3654 
386 3655 103 3656 3657 641 3658 515 861 72 3659 3660 3661 3662 3663 957 3664 3665 
3666 3667 86 211 3668 43 10 3669 
862 2118 825 1953 103 211 3670 43 3671 3672 825 3673 3674 3675 72 3676 3677 3678 70 3679 3680 
3681 3007 362 211 2647 71 110 10 55 2840 38 119 103 2008 60 873 3682 2756 3683 3684 3685 
60 3686 10 3687 3688 
191 10 3689 3690 1750 3691 3692 47 3693 3689 3694 2198 3695 3696 
120 101 3697 3698 3698 3699 118 211 3700 138 10 3701 502 3702 297 3703 3704 
3705 103 425 3706 4 732 10 1014 
3707 259 3708 3709 3710 72 211 10 3711 
24 3712 3705 103 425 3706 4 732 10 1014 
3713 1195 304 110 10 3714 3715 579 333 3498 3716 38 44 3717 106 3718 297 211 3719 
35 3720 103 282 715 138 3721 825 10 1202 3722 3723 
3724 177 1574 72 3725 177 106 138 875 410 1056 85 3726 366 410 1574 72 10 3727 1943 3453 235 92 732 1141 
120 148 542 3728 3729 43 211 377 2415 3730 410 108 60 137 259 3731 933 558 1222 915 1522 4 3732 3733 584 
101 3734 1220 3735 3736 2623 3737 72 10 137 982 983 3738 3739 13 3740 
3741 3742 1024 807 3743 1090 85 1024 3744 257 791 1824 1043 44 3745 2995 3746 43 10 3747 
24 3748 291 2831 3749 259 2872 363 10 3750 3751 3752 406 211 192 106 1381 491 410 1862 291 3753 3361 205 
3754 10 216 297 211 3755 646 3558 3559 3756 
425 1594 259 2773 118 3757 3758 1195 3701 502 1864 633 10 912 3759 3760 3761 
10 1547 915 3762 3763 3763 3764 
24 203 10 1090 3367 1447 1448 839 2648 3364 3365 3301 138 3370 106 2113 1776 532 204 205 
10 255 138 3765 3414 3766 429 3767 
286 3768 72 10 3769 
24 3770 3771 3772 3773 3774 3600 500 3775 3776 38 425 3777 211 10 1452 1453 118 2603 118 60 3778 138 3779 2242 3780 205 
1447 1448 106 10 1547 915 3278 3781 298 539 10 862 4 3488 3782 1447 1448 3783 3784 1781 
3785 846 952 862 3786 114 291 2996 71 101 374 239 567 558 10 915 839 2648 2077 2649 532 363 2113 1643 177 
24 3770 3771 3772 3773 3774 3600 500 3775 3776 38 425 3777 211 10 1452 1453 118 2603 118 60 3778 138 3779 2242 3780 205 
1782 1447 1448 106 10 1547 915 3278 3781 298 539 10 862 4 3392 3787 0 
24 3770 3771 3772 3773 3774 3600 500 3775 3776 38 425 3777 211 10 1452 1453 118 2603 118 60 3778 138 3779 2242 3780 205 
24 3788 120 84 4 386 116 3789 369 3790 825 3791 338 106 3792 71 3790 825 10 3793 1141 
24 3788 120 84 4 386 116 3789 369 3790 825 3791 338 106 3792 71 3790 825 10 3793 1141 
10 3794 497 3795 641 2557 2691 749 10 3796 338 93 47 3797 3798 3799 3800 
933 4 2291 697 211 3801 3802 211 3418 138 3803 3804 3805 
3806 1822 239 106 211 3807 3808 3809 138 2 3810 224 3811 
24 3770 3771 3772 3773 3774 3600 500 3775 3776 38 425 3777 211 10 1452 1453 118 2603 118 60 3778 138 3779 2242 3780 205 
3391 1452 1777 1892 1548 1549 75 3578 10 3579 3812 211 1892 1447 205 3813 0 
211 3814 1750 1090 85 3815 45 3816 43 3817 3818 1921 3819 3820 
10 1547 1448 3578 3579 3821 103 3365 1453 1666 588 3309 669 2 3822 625 3823 
299 3824 60 641 3825 404 257 410 497 1287 2113 1548 106 2146 234 362 138 37 299 539 167 1961 3826 
72 3827 2600 410 10 103 282 3828 3829 3830 106 99 55 2008 3831 
24 3770 3771 3772 3773 3774 3600 500 3775 3776 38 425 3777 211 10 1452 1453 118 2603 118 60 3778 138 3779 2242 3780 205 
1721 211 3832 10 1452 1453 2647 148 3500 3833 4 211 3834 3835 3169 1024 3836 1220 3837 
86 1322 3838 3839 43 56 3840 1369 3841 2013 282 3842 3843 297 60 3844 3845 3846 
3847 3848 10 259 211 3849 1141 74 259 287 4 339 43 367 
3850 3851 3852 3853 43 425 3854 92 3634 304 72 3855 138 211 3856 3857 
120 1095 60 1096 1097 3858 3859 588 3860 156 3861 
1029 1354 3862 138 2227 138 3863 3864 3865 957 3866 3867 
10 297 3278 3279 1452 3868 92 3869 60 3870 3871 43 211 3872 138 1548 3873 3874 1781 
3875 118 3876 259 3877 4 211 10 1547 3878 2604 3879 70 4 3880 3881 3882 
3883 3884 3885 38 3054 3886 3634 72 56 47 3887 601 3888 
24 3284 3285 588 3286 362 3287 3288 10 3289 338 121 683 3290 60 3291 4 339 3292 189 3285 1476 3293 205 
211 837 138 60 426 3889 297 211 3890 3891 584 
43 406 291 10 3892 120 1435 1481 138 1009 3893 3837 408 3894 3895 259 3257 
43 406 291 10 3892 120 1435 1481 138 1009 3893 1481 43 3896 3164 408 3894 3895 259 3257 
522 3897 2493 3898 2493 10 49 3899 749 51 410 3900 3901 
10 1447 1448 43 1452 1661 1056 3902 4 2487 3579 3580 3654 
93 60 863 231 734 3903 363 3904 53 3905 839 3906 937 4 10 4 733 3907 106 120 72 101 3908 3909 
189 3910 3911 116 10 1448 3912 4 2487 3579 3913 3914 
0 3915 3916 3672 297 3917 3918 156 4 3919 3920 3921 
24 3922 522 3897 2493 3898 2493 10 49 3899 749 51 410 3900 3901 
3923 38 3924 120 3925 92 93 116 43 56 
120 790 1874 4 102 116 120 790 60 915 138 10 404 3926 70 259 101 949 619 43 949 3927 120 1195 60 3928 106 3929 
1452 1777 1892 1548 1549 75 3578 10 3579 3812 211 1892 1447 1805 3278 3930 3931 
283 3932 376 406 211 494 3933 10 338 51 1775 3234 312 685 3934 
3935 497 60 842 3846 
3936 120 1195 194 10 1404 576 3937 3285 3938 3939 4 2910 239 3940 939 3941 3942 862 1227 43 255 1154 55 3943 3944 
2655 3945 110 10 4 3946 3947 106 92 167 3948 935 70 103 3949 3950 116 3460 3951 3952 
366 259 60 2587 685 487 2155 235 43 10 3953 211 156 1404 3954 118 3826 120 842 366 51 44 3955 3956 3420 
3957 295 410 3958 4 540 3959 2784 3708 211 3960 2613 
3961 110 211 3962 3963 3846 
3964 70 3965 633 10 3966 3967 3968 
3969 697 3970 1757 99 60 2183 410 148 3971 3546 56 
3972 3165 120 1154 1304 4 3973 74 1656 933 120 160 1219 2613 
10 259 211 645 1906 893 3974 916 103 3975 43 211 1292 541 1347 404 151 60 3976 245 
24 3977 120 3978 10 259 2946 211 3979 103 1751 591 1364 110 338 2912 103 541 4 3980 47 1452 3981 
24 3977 120 3978 10 259 2946 211 3979 103 1751 591 1364 110 338 2912 103 541 4 3980 47 1452 3981 
1114 633 10 3982 3983 
99 72 10 3984 3985 211 137 372 3986 
24 3977 120 3978 10 259 2946 211 3979 103 1751 591 1364 110 338 2912 103 541 4 3980 47 1452 3981 
2242 1223 3987 176 1861 72 10 363 3988 3989 3990 3991 3992 3993 3994 
3995 3996 51 410 110 484 410 189 108 282 1609 3997 2958 
3995 3998 283 184 3999 184 121 4 1524 70 449 4 281 1609 1224 255 1352 3350 500 1155 281 10 488 4000 60 4001 1849 1504 1352 
24 3922 522 3897 2493 3898 2493 10 49 3899 749 51 410 3900 3901 
4002 4003 1195 2523 2181 286 4004 429 211 4005 4006 103 10 4007 4008 
426 3544 1947 43 4009 3547 72 3549 3550 138 3551 3552 363 4010 4011 4012 4013 10 588 1769 211 4014 
4015 86 38 3468 110 10 4 4016 
4017 38 189 120 339 4018 10 4019 
1451 405 106 1053 2053 4020 935 4021 4022 3895 1892 338 106 4023 138 3438 51 1547 915 72 484 
4017 74 70 278 148 10 
103 3186 138 184 4024 4 339 60 4025 103 4026 43 211 4027 4028 1428 449 282 4029 410 386 410 167 43 4030 503 
4031 10 4031 591 4032 10 4033 420 24 4034 4031 1121 4035 448 4036 24 4037 4038 4039 4040 4041 4042 
10 1080 4043 106 2905 4044 211 4043 106 2905 4045 1090 4046 406 4047 4048 
4049 3941 4050 4051 24 4052 4031 10 4031 591 4032 10 4033 420 24 4034 4031 1121 4035 4041 4053 
4017 425 259 101 103 4054 74 120 386 4018 10 1404 253 85 1657 103 4018 685 4055 136 4056 4057 116 
10 297 3278 3279 1452 3868 92 3869 60 3870 3871 43 211 3872 4058 625 1150 
1131 10 297 3278 3279 1452 3868 92 3869 60 3870 3871 43 211 3872 138 1548 4059 4060 
151 2090 60 4061 4062 103 286 429 1481 1221 211 136 137 138 2 395 4063 4064 
4065 106 4066 1947 72 1219 35 4067 11 705 4068 4069 363 4070 4071 
56 4072 4073 
3275 539 10 862 4 3276 3277 1447 1448 839 2648 2649 138 1644 363 1643 1647 
584 1447 1448 43 1644 1661 1056 3902 4 2487 3579 3580 3654 
4074 166 259 4075 484 
165 150 363 291 4076 110 10 4077 3991 4078 4079 3992 4080 
24 4081 165 150 363 291 4076 110 10 4077 3991 4078 4079 3992 4080 
4082 259 70 3012 211 4083 4084 
4085 4086 
4087 4088 120 491 2059 1391 103 211 1219 4089 
4090 60 2288 915 991 43 4091 10 948 87 3299 925 53 1645 138 234 53 2113 1643 1775 1452 43 2113 2604 4092 161 4093 
4094 3279 3280 3530 60 2415 1547 915 43 4091 37 4095 3520 1252 4091 4096 138 2113 4097 4098 4091 1619 4099 10 259 55 3943 
4100 184 863 1304 156 617 4101 601 4102 4103 10 53 1476 4104 281 1548 4 60 286 4105 4106 53 276 85 60 4107 4108 
862 184 601 3544 4109 70 4110 339 3546 4 3547 72 3549 4111 4112 211 3851 1897 138 211 4012 4113 4013 1219 
10 1547 1448 3578 3579 3821 103 3365 1453 1666 588 3309 669 2 4114 
4115 4116 103 211 48 4117 1347 749 4118 
1399 10 4119 4120 4121 4122 4123 
24 3412 4124 2520 102 600 1090 497 3580 3398 10 1547 915 3278 3279 103 3299 4125 438 297 2113 1453 
10 1547 915 3278 4126 4127 3285 148 1154 4128 234 4129 4 4130 47 4131 1207 
24 3412 4124 2520 102 600 1090 497 3580 3398 10 1547 915 3278 3279 103 3299 4125 438 297 2113 1453 
4132 10 1547 915 3278 4126 4127 3285 148 1154 4128 234 4129 4 4130 47 4131 4133 
24 3412 10 1547 915 3278 4126 4127 3285 148 1154 4128 234 4129 4 4130 47 4131 1207 
24 3412 4124 2520 102 600 1090 497 3580 3398 10 1547 915 3278 3279 103 3299 4125 438 297 2113 1453 
4134 2905 106 4135 4136 259 1154 3953 3580 3398 10 1547 915 53 1447 1448 3278 3279 
24 3412 10 1547 915 3278 4126 4127 3285 148 1154 4128 234 4129 4 4130 47 4131 1207 
3510 24 3412 10 1547 915 3278 4126 4127 3285 148 1154 4128 234 4129 4 4130 47 4131 1207 
24 3412 10 1547 915 3278 4126 4127 3285 148 1154 4128 234 4129 4 4130 47 4131 1207 
24 3412 4134 2905 106 4135 4136 259 1154 3953 3580 3398 10 1547 915 53 1447 1448 4137 205 
24 3412 4134 2905 106 4135 4136 259 1154 3953 3580 3398 10 1547 915 53 1447 1448 4137 205 
24 3412 4134 2905 106 4135 4136 259 1154 3953 3580 3398 10 1547 915 53 1447 1448 4137 205 
24 3412 4134 2905 106 4135 4136 259 1154 3953 3580 3398 10 1547 915 53 1447 1448 4137 205 
24 3412 10 1547 915 3278 4126 4127 3285 148 1154 4128 234 4129 4 4130 47 4131 1207 
24 3412 4124 2520 102 600 1090 497 3580 3398 10 1547 915 3278 3279 103 3299 4125 438 297 2113 1453 
211 10 1452 1661 259 4138 
24 3412 10 1547 915 3278 4126 4127 3285 148 1154 4128 234 4129 4 4130 47 4131 1207 
24 3412 4124 2520 102 600 1090 497 3580 3398 10 1547 915 3278 3279 103 3299 4125 438 297 2113 1453 
24 3412 10 1547 915 3278 4126 4127 3285 148 1154 4128 234 4129 4 4130 47 4131 1207 
24 3412 10 1547 915 3278 4126 4127 3285 148 1154 4128 234 4129 4 4130 47 4131 1207 
1735 4139 4140 4141 74 93 60 4142 619 106 4143 4 4144 10 11 4145 
24 3412 4134 2905 106 4135 4136 259 1154 3953 3580 3398 10 1547 915 53 1447 1448 4137 205 
24 3412 10 1547 915 3278 4126 4127 3285 148 1154 4128 234 4129 4 4130 47 4131 1207 
24 3412 4124 2520 102 600 1090 497 3580 3398 10 1547 915 3278 3279 103 3299 4125 438 297 2113 1453 
0 3754 10 216 297 211 4146 646 3558 3559 4147 
2472 3278 3279 3280 4148 106 4149 1453 3868 10 1547 3516 4150 625 4151 
24 3412 4124 2520 102 600 1090 497 3580 3398 10 1547 915 3278 3279 103 3299 4125 438 297 2113 1453 
24 3412 4124 2520 102 600 1090 497 3580 3398 10 1547 915 3278 3279 103 3299 4125 438 297 2113 1453 
24 3412 10 1547 915 3278 4126 4127 3285 148 1154 4128 234 4129 4 4130 47 4131 1207 
24 3412 4134 2905 106 4135 4136 259 1154 3953 3580 3398 10 1547 915 53 1447 1448 4137 205 
10 915 1554 85 3298 103 3299 3300 3301 532 4152 
4153 932 4154 988 38 75 99 1332 148 4 916 404 1152 103 949 4155 10 4156 
211 4157 4158 72 10 71 493 1657 1565 4159 
3318 1195 558 10 1378 120 539 4160 1380 412 4161 
24 3412 4134 2905 106 4135 4136 259 1154 3953 3580 3398 10 1547 915 53 1447 1448 4137 205 
24 3412 4124 2520 102 600 1090 497 3580 3398 10 1547 915 3278 3279 103 3299 4125 438 297 2113 1453 
24 3412 10 1547 915 3278 4126 4127 3285 148 1154 4128 234 4129 4 4130 47 4131 1207 
60 4162 110 4163 184 2023 239 4164 116 211 4165 10 366 148 87 4166 4167 3234 4168 2600 4169 1368 4170 
1392 1393 10 915 1554 85 3298 103 3299 3300 3301 532 4171 1395 
4172 283 4173 366 259 60 4174 165 297 179 4175 259 1282 103 10 106 201 3793 
4176 72 10 3750 3751 4018 4177 4178 4179 4180 
4181 1469 1121 4182 4183 3221 
24 3412 4134 2905 106 4135 4136 259 1154 3953 3580 3398 10 1547 915 53 1447 1448 4137 205 
24 3412 10 1547 915 3278 4126 4127 3285 148 1154 4128 234 4129 4 4130 47 4131 1207 
24 3412 4124 2520 102 600 1090 497 3580 3398 10 1547 915 3278 3279 103 3299 4125 438 297 2113 1453 
2 669 4184 4185 103 136 465 257 364 3052 4186 10 338 4187 4188 4189 
4184 4185 103 136 465 257 364 3052 4186 10 338 4187 4190 4191 3783 4192 
24 3412 10 1547 915 3278 4126 4127 3285 148 1154 4128 234 4129 4 4130 47 4131 1207 
1043 4193 4194 10 1547 915 3278 4126 4127 3285 148 1154 4128 234 4129 4 4130 47 4131 1207 
24 3412 4124 2520 102 600 1090 497 3580 3398 10 1547 915 3278 3279 103 3299 4125 438 297 2113 1453 
24 3412 4124 2520 102 600 1090 497 3580 3398 10 1547 915 3278 3279 103 3299 4125 438 297 2113 1453 
4195 1195 364 2689 1657 4196 10 
10 338 4187 4190 4191 60 646 1797 1798 72 211 10 634 138 444 106 4197 1066 844 4198 205 4199 
1495 598 148 558 10 1378 120 1379 414 4200 
426 3544 1947 43 4201 3547 72 4202 3551 4203 4204 4205 4013 1219 4012 4206 915 4207 103 4208 
24 3412 4124 2520 102 600 1090 497 3580 3398 10 1547 915 3278 3279 103 3299 4125 438 297 2113 1453 
24 3412 10 1547 915 3278 4126 4127 3285 148 1154 4128 234 4129 4 4130 47 4131 1207 
24 3412 4134 2905 106 4135 4136 259 1154 3953 3580 3398 10 1547 915 53 1447 1448 4137 205 
2878 3285 4209 10 1448 3278 3279 3280 3281 4210 2706 4130 191 4131 4211 4212 
10 915 1554 85 3298 103 3299 3300 3301 532 588 4213 4214 
120 1324 1220 10 4215 138 4216 4217 853 211 4218 106 211 4219 51 211 998 1479 625 4220 4148 3278 3279 
4221 4222 4223 10 4224 4225 4226 4227 
10 1448 3278 3279 3280 4148 106 915 4149 1976 413 4228 4229 
4230 4231 1410 4232 13 10 11 4233 4234 
4235 51 10 43 366 479 600 4236 3438 72 4237 103 4238 4239 4240 297 2144 4241 4242 103 4243 4244 
10 591 1477 4245 4246 4247 4248 4249 832 4250 4 2870 363 4251 72 4252 4253 591 4254 
0 4255 3285 4209 10 1448 3278 3279 3280 3281 4256 2706 4130 191 4131 4257 4258 
910 3 291 10 4259 
4260 4261 60 4262 363 10 1404 4263 
10 915 4264 43 4265 4266 4267 4268 
24 4269 4270 56 
744 10 915 4264 43 4265 4266 4271 747 4272 749 4273 751 136 137 138 2 828 4274 
754 10 915 4264 43 4265 4266 4267 4275 
756 10 915 4264 43 4265 4266 4267 4276 
24 1461 10 915 4264 43 4265 4266 4267 4268 
24 1461 10 915 4264 43 4265 4266 4267 4268 
24 4277 10 915 4264 43 4265 4266 4267 4278 
756 10 915 4264 43 4265 4266 4267 4279 
756 10 915 4264 43 4265 4266 4267 4280 
24 1461 10 915 4264 43 4265 4266 4267 4268 
24 1461 10 915 4264 43 4265 4266 4267 4268 
744 10 915 4264 43 4265 4266 4271 747 4272 749 4273 751 136 137 138 4281 4282 0 
10 915 4264 43 4265 4266 4267 4283 
10 4284 4285 4286 4287 4288 4289 4290 
24 1461 10 915 4264 43 4265 4266 4267 4268 
2028 10 915 4264 43 4265 4266 4291 136 137 138 2 395 4292 4281 4293 
24 1461 10 915 4264 43 4265 4266 4267 4268 
0 955 4 956 957 891 4294 
1392 1393 10 915 4264 43 4265 4266 4267 4295 1395 
10 915 4264 43 4265 4266 4267 4296 
4297 10 915 4264 43 4265 4266 4267 588 4298 2181 4299 0 
4297 10 915 4264 43 4265 4266 4267 588 4298 2181 4300 0 
24 1461 10 915 4264 43 4265 4266 4267 4268 
35 4301 1249 304 4302 4303 4304 24 1633 10 915 4264 43 4265 4266 4267 4305 
4306 211 4307 4308 643 530 4309 
10 1547 1448 3578 3579 3821 103 3365 1453 1666 588 3309 669 2 4310 625 3823 
10 915 4264 43 4265 4266 4267 4311 
653 10 915 4264 43 4265 4266 4271 2545 562 4312 116 211 4313 4314 211 4292 4281 4315 0 
10 915 4264 43 4265 4266 4271 2545 562 4312 116 211 4313 4314 211 4292 915 948 87 4316 4317 
2 669 667 10 915 4264 43 4265 4318 4319 4320 4321 4322 4323 60 3810 4292 915 4324 4325 
10 915 4264 43 4265 4266 4267 588 4326 4327 4328 
0 4329 4330 53 4331 4332 
747 259 4333 4334 4335 4336 211 4337 4333 4338 259 60 4339 1091 138 211 1421 4340 
24 3922 191 10 3689 3690 1750 3691 3692 47 3693 3689 3694 2198 3695 4341 205 
24 4342 51 410 558 4343 4344 4345 
10 948 1504 1021 4346 4347 
10 4348 339 60 2773 2123 4349 4 3021 406 211 4350 3615 4351 211 201 4352 4353 4354 376 4355 4356 43 4357 4358 
24 4359 24 4360 4361 4362 4363 4 4364 4365 103 1448 4366 4367 4368 4369 
24 1693 4370 915 4264 43 4265 4266 4267 4371 
24 4372 875 72 10 4373 633 1573 4374 694 4375 4376 4377 
24 4378 747 259 4333 4334 4335 4336 211 4337 4333 4338 259 60 4339 1091 138 211 1421 4379 205 
584 4380 4264 43 4265 4266 4267 4381 
24 3922 191 10 3689 3690 1750 3691 3692 47 3693 3689 3694 2198 3695 4341 205 
120 2648 2314 438 297 2539 43 211 4382 4383 4117 1347 4384 4385 
1891 588 4386 43 1452 1453 4387 4388 138 3365 925 363 10 1448 2535 4389 
211 1448 4390 410 60 3872 138 4391 4392 4393 816 362 191 4394 4395 4396 4397 
10 1447 1448 43 1452 1661 3405 1550 284 429 4398 4399 
4400 1195 60 2773 619 1346 1439 588 86 211 4401 103 191 442 4402 601 2872 1324 2929 72 1421 4403 
120 4404 376 408 10 298 4405 363 291 4406 4407 106 116 120 1090 4408 85 601 116 74 4409 4410 
425 4411 4412 1090 2870 4413 4414 4415 4416 2639 892 4417 4418 
803 802 4419 12 116 428 3924 1547 259 211 1844 4420 1594 43 10 110 4241 99 4421 
10 1547 915 3278 3279 110 4422 291 1548 4423 239 286 429 4424 60 4425 2784 4426 4427 1781 
4428 4429 4428 4430 4431 184 4432 4433 10 4434 4435 4091 4436 4437 4438 4439 315 3069 4440 4441 3615 4442 3172 4443 
10 1090 148 4444 106 64 1090 148 4445 210 2830 24 4446 201 948 60 4447 4448 4449 4450 420 
4451 10 1399 863 3068 
1782 10 1547 915 3278 3279 110 4422 291 1548 4423 239 286 429 4424 60 685 4452 0 
10 1547 915 3278 3279 110 4422 291 1548 4423 239 286 429 4424 60 685 588 4453 
333 2831 120 3634 72 10 402 106 386 408 47 407 539 85 284 4454 257 600 403 3018 849 
1439 120 189 4455 291 1282 10 3928 106 3929 420 
4456 401 37 3069 4457 259 3965 4458 4459 646 2591 1953 625 4460 4461 4462 
4463 4464 72 928 4465 1769 211 4014 420 
4466 794 10 4467 259 4406 4468 4 4469 211 2773 949 377 4 928 4470 4467 4471 
1009 60 4472 4473 4474 584 4475 
4476 120 4477 60 3187 3044 43 10 4478 
4479 4480 211 4481 4482 60 342 2854 4483 103 10 4484 4482 425 4485 106 3662 301 4486 
4487 4488 4479 4480 211 4489 297 2854 4483 103 10 338 53 4490 425 4485 4491 4492 
4386 43 1452 1453 4387 4388 138 3365 925 363 10 1448 4493 4494 
2827 601 600 121 4 4495 1451 4496 4 10 4497 4498 
24 4499 24 4500 2869 103 4501 749 588 4502 395 4503 4504 4505 4506 
4507 291 4508 43 4509 110 2 1953 694 4510 10 1684 1504 4511 
24 4512 24 1828 4479 4480 211 4481 4482 60 342 2854 4483 103 10 4484 4482 425 4485 106 3662 301 4513 205 
4514 4 255 1953 106 70 1986 3838 38 3839 362 138 406 211 3730 842 211 3147 1090 85 249 211 1947 43 211 4515 584 586 
2 669 667 10 1547 915 3278 3279 110 4422 291 1548 4423 239 286 429 4424 60 4425 4516 4517 
4518 297 4519 4520 4521 732 106 4522 4523 211 584 915 839 1195 211 4524 1453 
10 4525 2647 116 3414 601 600 51 4526 106 4527 274 138 47 3578 106 4528 4529 1141 
3741 4530 4531 1042 1249 4 56 3266 539 4532 705 
120 1324 1219 600 4533 291 4534 4535 
3942 1906 10 4533 239 4536 3297 
3741 4537 120 386 4530 948 4538 4539 10 
4540 10 1547 915 3278 3279 106 4149 1976 4541 4542 110 211 858 106 224 588 4543 
2545 4544 4545 4546 4547 619 103 4548 2692 43 211 4549 138 211 928 4550 4551 
291 4552 43 211 1404 576 43 10 3938 601 4 85 609 4553 500 4554 299 2403 4555 3405 4553 106 4552 259 4556 
410 4557 375 4 2871 1463 10 4558 4559 4560 4561 4562 85 3932 114 
3741 4563 4530 357 924 297 2113 1453 116 299 4539 10 4564 3736 74 76 55 3688 
4565 60 4566 4567 138 408 4568 51 233 103 2362 106 116 4569 138 375 51 4570 43 191 4571 4572 4573 
4540 10 1547 915 3278 3279 106 4149 1976 4541 4542 110 211 858 106 3807 4574 4575 1781 
410 4129 4576 4577 276 138 558 4578 352 410 151 410 2118 70 194 282 4579 4580 4581 53 407 3250 410 4582 211 4583 2045 
403 410 2011 386 116 92 189 3515 2008 4584 106 4585 138 915 4586 2479 4542 106 2601 211 377 4587 4139 2045 
4588 1688 55 4589 4590 4591 4592 53 55 374 184 853 184 360 4593 259 38 184 4594 4595 53 2225 264 4596 4597 4598 2045 
403 184 2011 386 116 92 189 3515 2008 4584 53 4585 138 338 4586 2479 4542 53 2601 211 377 4587 2045 
4599 410 2011 51 406 3344 4600 4601 406 4602 4407 4603 853 1195 38 4604 361 949 77 4605 80 4606 2045 
4607 4608 120 339 4407 4609 425 4610 120 1090 1202 4611 4612 1174 2077 43 211 928 4613 4614 2045 
283 407 4 557 426 4615 92 351 4616 4592 4 4617 1814 53 4618 286 402 194 1249 3420 116 949 286 4619 2045 
283 407 4 557 426 4615 92 351 4616 4592 4 4617 1814 53 4620 286 402 194 1249 3420 116 949 286 4619 2045 
92 148 191 4621 4622 4623 425 811 72 10 4624 1687 1332 85 1286 1287 301 2947 4625 4626 4627 4628 
10 915 4264 43 4265 4266 4267 4381 
24 980 10 915 4264 43 4265 4266 4267 4381 
35 4 211 1481 4629 377 685 366 1090 85 60 3115 4630 138 1550 915 4631 43 10 
4632 4633 282 4634 732 4635 10 1195 4636 4637 4638 3165 120 71 1009 558 3452 4639 120 360 406 211 477 4 
4640 1304 239 1382 10 3928 106 4641 103 410 377 4642 4643 
10 4292 915 791 43 4265 948 87 4644 4645 4646 
70 253 85 124 257 410 406 539 101 4364 601 4647 3866 500 4648 3866 3996 
10 3405 2545 3910 3815 4649 4 4650 4651 138 4313 4652 
4653 294 99 2828 4654 600 2754 539 74 120 2012 211 10 1933 3405 4655 351 85 43 949 4656 1430 99 38 4657 
640 10 3405 2545 3910 3815 4649 4 4650 4651 138 4313 4658 0 
10 3405 2545 3910 3815 4649 4 4650 4651 138 4313 4659 0 
10 3405 2545 3910 3815 4649 4 4650 4651 138 4313 4660 
2 669 2028 10 3405 2545 3910 3815 4649 4 4650 4651 138 4661 648 211 4662 4663 
1029 10 3405 2545 3910 3815 4649 4 4650 4651 138 4661 648 211 136 654 4664 
640 10 3405 2545 3910 3815 4649 4 4650 4651 138 4661 648 211 4662 4665 0 
4653 4666 3511 4667 1656 116 949 301 103 56 4668 120 864 276 10 1430 
24 3977 211 10 1452 1097 4669 3405 299 1090 4670 297 1326 4671 2113 1643 3405 4672 
0 0 3408 0 3409 3405 2545 3910 3815 4649 4 4650 4673 4674 661 
0 0 3408 0 3409 3405 2545 3910 3815 4649 4 4650 4673 4675 661 
10 3405 2545 3910 3815 4649 4 4650 4651 138 4313 588 668 669 667 588 4676 
120 790 4677 291 4678 10 4679 420 
4680 101 60 4681 449 103 598 138 410 51 4682 4 276 4 4683 4684 211 4685 1222 4686 259 893 4687 4688 4689 4690 
4691 74 120 101 4692 116 211 10 1933 3405 1153 1430 4693 4694 
4695 4696 4697 3642 201 106 10 74 120 4698 1435 3438 4699 4700 4701 
426 3544 1947 43 4201 3547 72 4202 3551 4203 4204 4205 4013 1219 4012 4206 915 4207 103 4208 
24 4702 1019 248 1687 1775 211 1593 10 4703 43 2523 3164 497 410 4704 4705 106 3515 4706 375 4707 205 
687 10 3405 2545 3910 3815 4649 4 4650 4651 138 4313 4708 
687 10 3405 2545 3910 3815 4649 4 4650 4651 138 4313 4709 
4710 1141 120 3978 10 929 55 494 4711 120 386 283 2456 1141 
10 3401 3402 297 1447 1448 3278 3279 3403 3364 3365 1453 360 3404 3405 299 1379 85 3406 4712 
10 3405 2545 3910 3815 4649 4 4650 4651 138 4313 4713 0 
3375 10 3405 2545 3910 3815 4649 4 4650 4651 138 4313 4714 
653 10 3405 2545 3910 3815 4649 4 4650 4651 138 4661 2 588 211 4426 4715 0 
3375 10 3405 2545 3910 3815 4649 4 4650 4651 138 4661 2 588 211 4716 4717 0 
10 3405 2545 3910 3815 4649 4 4650 4651 138 4661 2 588 211 136 137 4718 4719 
10 3405 2545 3910 3815 4649 4 4650 4651 138 4313 4720 
10 3405 2545 3910 3815 4649 4 4650 4651 138 4313 4721 
584 1447 1448 43 1644 1661 3405 1550 284 429 4398 4399 
24 980 584 1447 1448 43 1644 1661 3405 1550 284 429 4398 4399 
120 1095 60 1096 1097 4722 4723 
86 406 376 4724 4725 
2545 3910 3815 4649 4 4650 4651 138 4313 4726 4 85 116 138 4264 10 4292 915 4727 
696 697 211 698 4728 60 4729 546 362 286 72 4730 
1029 10 3405 2545 3910 3815 4649 4 4650 4651 138 4661 2 588 211 136 4731 4732 
2028 10 3405 2545 3910 3815 4649 4 4650 4651 138 4733 588 211 4716 4734 
10 3405 2545 3910 3815 4649 4 4650 4651 138 4661 10 3405 2545 3910 4735 4736 
10 1447 2422 1452 3868 3285 138 1643 4737 2699 4738 4739 
4740 4741 497 4742 4743 1174 1090 4744 297 668 184 4745 
1368 412 1476 239 47 10 1378 4746 
24 3977 211 10 1452 1097 4669 3405 299 1090 4670 297 1326 4671 2113 1643 3405 4672 
4540 10 1547 915 3278 3279 106 4149 1976 4541 4542 110 211 858 4747 625 1150 
3782 10 1547 915 106 1447 1448 3278 3279 4748 60 1097 4749 363 2113 1776 4149 1976 4750 4751 
4540 10 1547 915 3278 3279 106 4149 1976 4541 4542 110 211 858 106 224 4752 3487 
1131 4540 10 1547 915 3278 3279 106 4149 1976 4541 4542 110 211 858 106 224 4753 
696 697 211 698 4197 224 106 211 4754 138 4755 4756 546 362 286 72 4757 
4758 4759 38 3348 10 1154 4760 
24 3977 211 10 1452 1097 4669 3405 299 1090 4670 297 1326 4671 2113 1643 3405 4672 
1131 10 1547 915 3278 3279 110 4422 291 1548 4423 239 286 429 4424 60 685 4761 
696 697 211 698 10 49 1448 4482 4762 546 362 286 72 4763 
3205 4 4764 4400 1485 1555 4765 4766 4 2869 43 211 2118 4767 541 1347 106 2156 10 4 497 931 1594 4768 4769 
103 3186 839 148 4770 363 4771 106 4772 1055 425 4773 4774 4775 4776 
10 1547 915 3278 3279 110 4422 291 1548 4423 239 286 429 4424 60 685 4777 3487 
10 1547 915 110 1550 3278 3781 120 1090 4766 4 1252 1452 1645 363 291 4778 4779 4780 1781 
696 697 211 698 4781 103 60 4782 284 4783 546 362 286 72 4784 
1782 10 1547 915 110 1550 3278 3781 120 1090 4766 4 1252 291 1452 1645 363 211 858 4785 0 
4786 4787 4788 120 121 4 4789 60 4790 4791 43 56 4792 
4793 410 864 276 2701 72 4794 4795 363 10 106 4796 
4797 10 4798 4799 
4800 3511 4801 138 211 10 915 1334 
4802 4803 10 4804 
10 915 4264 43 4265 4266 4267 4381 
4805 633 10 3982 4806 
584 1447 1448 43 1644 1661 3405 1550 284 429 4398 4399 
24 203 2545 3910 3815 4649 4 4650 4651 138 4313 4726 4 85 116 138 4264 10 4292 915 1297 205 
4537 4807 1364 410 466 77 10 4808 74 211 2171 92 108 259 38 4809 
2780 1448 75 4810 4811 43 4812 4813 4814 4815 
106 120 2012 291 4816 167 948 60 4817 4818 4819 360 362 4 406 4490 106 338 43 10 425 4820 4821 
10 3405 2545 3910 3815 4649 2749 4 4650 4651 138 4313 588 4822 4327 4328 
24 4823 933 1090 600 2706 4824 106 600 51 4825 1219 408 4826 4827 
24 4823 933 1090 600 2706 4824 106 600 51 4825 1219 408 4826 4827 
24 4823 933 1090 600 2706 4824 106 600 51 4825 1219 408 4826 4827 
24 4823 933 1090 600 2706 4824 106 600 51 4825 1219 408 4826 4827 
24 4823 933 1090 600 2706 4824 106 600 51 4825 1219 408 4826 4827 
24 4823 933 1090 600 2706 4824 106 600 51 4825 1219 408 4826 4827 
24 4823 933 1090 600 2706 4824 106 600 51 4825 1219 408 4826 4827 
24 4823 933 1090 600 2706 4824 106 600 51 4825 1219 408 4826 4827 
24 4828 116 4829 4830 4831 1561 24 4823 933 1090 600 2706 4824 106 600 51 4825 1219 408 4826 921 205 
24 4823 933 1090 600 2706 4824 106 600 51 4825 1219 408 4826 4827 
24 4823 933 1090 600 2706 4824 106 600 51 4825 1219 408 4826 4827 
24 4823 933 1090 600 2706 4824 106 600 51 4825 1219 408 4826 4827 
4832 10 167 43 211 4833 103 211 541 1361 
24 4823 933 1090 600 2706 4824 106 600 51 4825 1219 408 4826 4834 
24 4835 4836 10 3513 
4837 211 10 1547 1448 3278 3279 3280 4148 106 2113 1892 1776 1688 211 4838 211 4426 4839 0 
148 410 4840 362 426 929 4366 4841 4842 298 862 410 601 1844 376 4843 4844 
0 0 3408 0 4845 3634 103 1565 4 4846 43 10 973 4847 4848 661 
24 4823 933 1090 600 2706 4824 106 600 51 4825 1219 408 4826 4827 
1448 839 2648 3365 1645 532 3405 10 4421 297 957 4849 4850 
120 1095 60 1096 1097 4851 1358 4852 4853 2385 
1358 4852 4390 410 4 2385 425 3094 11 4854 4855 
2 669 667 10 1547 915 110 1550 3278 3781 120 1090 4766 4 1252 291 1452 1645 363 211 4856 4857 
0 0 3408 0 4858 839 2648 3365 1645 532 3405 10 4421 4859 4860 661 
1448 839 2648 3365 1645 532 3405 10 4421 297 957 4849 4861 
24 4828 116 4829 4830 4831 1561 24 4823 933 1090 600 2706 4824 106 600 51 4825 1219 408 4826 921 205 
10 3405 2545 3910 3815 4649 2749 4 4650 4651 138 4313 4862 625 3363 
120 1095 60 1096 1097 4863 211 4864 4865 2701 4866 4867 
24 4828 116 4829 4830 4831 1561 24 4823 933 1090 600 2706 4824 106 600 51 4825 1219 408 4826 921 205 
1448 839 2648 3365 1645 532 3405 10 4421 297 957 4849 588 668 669 667 588 4868 
24 4823 933 1090 600 2706 4824 106 600 51 4825 1219 408 4826 4827 
1448 839 2648 3365 1645 532 3405 10 4421 297 957 4849 4869 625 3363 
2645 211 10 1661 1892 539 294 2193 211 4870 411 3826 4871 
24 4872 4873 2074 4874 410 276 255 405 500 4 288 118 4875 4876 4877 4878 298 1495 10 4879 211 4880 3361 205 
24 4872 4873 2074 4874 410 276 255 405 500 4 288 118 4875 4876 4877 4878 298 1495 10 4879 211 4880 3361 205 
24 4872 4873 2074 4874 410 276 255 405 500 4 288 118 4875 4876 4877 4878 298 1495 10 4879 211 4880 3361 205 
24 4872 4873 2074 4874 410 276 255 405 500 4 288 118 4875 4876 4877 4878 298 1495 10 4879 211 4880 3361 205 
24 4872 4873 2074 4874 410 276 255 405 500 4 288 118 4875 4876 4877 4878 298 1495 10 4879 211 4880 3361 205 
24 4872 4873 2074 4874 410 276 255 405 500 4 288 118 4875 4876 4877 4878 298 1495 10 4879 211 4880 3361 205 
1448 839 2648 3365 1645 532 3405 10 4421 297 957 4849 4881 
99 863 4882 43 211 4883 116 211 4884 839 295 211 1452 1097 71 558 10 1547 2183 
4885 4886 283 239 1121 4887 589 4888 589 283 4889 4890 4891 4892 4893 4894 4895 
24 4896 10 4897 4898 883 4333 4899 363 4900 4901 4902 588 588 491 191 2076 1097 588 4903 
4904 1024 4905 4 10 106 1706 4906 4907 
0 1892 4908 4909 4910 1571 4911 138 2603 3399 3278 3279 3280 4148 4912 
4913 4914 10 11 4915 4916 
24 4828 116 4829 4830 4831 1561 24 4823 933 1090 600 2706 4824 106 600 51 4825 1219 408 4826 921 205 
24 4823 933 1090 600 2706 4824 106 600 51 4825 1219 408 4826 4827 
4917 363 558 10 1404 70 259 4918 120 4919 
3318 1332 4577 239 414 47 10 1378 4920 4921 1386 
4540 2076 3786 110 2603 1453 2647 3278 106 4922 3782 10 1547 915 106 1447 1448 3783 4923 
426 3544 4924 72 4925 3550 138 211 4926 4927 4928 3544 4011 4929 3662 3548 957 4013 10 4930 4931 
4932 110 10 4933 4934 1369 2699 120 148 4933 118 43 4935 120 2894 43 4936 4937 291 4938 
286 4542 1451 10 915 4644 4939 43 4265 4940 
286 4542 1451 10 915 4644 4939 43 4941 747 4942 749 4273 4943 4542 148 87 4944 4945 4946 
24 1461 286 4542 1451 10 915 4644 4939 43 4265 4940 
4947 10 4948 4949 
0 0 3408 0 4950 4542 1451 10 915 4644 4939 43 4951 4952 661 
0 298 4953 138 1571 3345 1334 71 4954 43 4955 4956 
4957 4958 4959 971 1463 4960 1463 4961 3293 4962 4963 1463 4964 4965 1463 10 
24 4872 4873 2074 4874 410 276 255 405 500 4 288 118 4875 4876 4877 4878 298 1495 10 4879 211 4880 3361 205 
653 286 4542 1451 10 915 4644 4939 43 4941 747 4942 749 4273 4943 4966 4967 0 
286 4542 1451 10 915 4644 4939 43 4941 747 4942 749 4273 4943 4542 148 87 4944 4945 4968 
744 286 4542 1451 10 915 4644 4939 43 4941 747 4942 749 4273 4943 4542 4969 4970 0 
286 4542 1451 10 915 4644 4939 43 4265 4971 
286 4542 1451 10 915 4644 4939 43 4265 4972 0 
286 4542 1451 10 915 4644 4939 43 4265 588 4298 2181 588 4973 
286 4542 1451 10 915 4644 4939 43 4265 588 4298 2181 648 747 4942 749 4273 4943 4974 4975 
2028 286 4542 1451 10 915 4644 4939 43 4976 4542 148 87 4944 1451 4977 4978 
35 103 4979 334 92 148 77 2780 1448 4980 449 191 4981 4139 1828 
24 4872 4873 2074 4874 410 276 255 405 500 4 288 118 4875 4876 4877 4878 298 1495 10 4879 211 4880 3361 205 
286 4542 1451 10 915 4644 4939 43 4941 286 4542 1451 10 915 4644 4939 43 4265 2028 4982 4983 
591 4984 35 103 24 53 2910 138 191 426 4985 3172 4986 1007 4987 167 4988 138 4989 43 4990 
297 211 477 4 1219 70 284 85 4065 1908 
286 4542 1451 10 915 4644 4939 43 4265 588 4298 2181 2 588 4991 4327 4328 
10 4028 862 4992 24 4823 933 1090 600 2706 4824 106 600 51 4825 1219 408 4826 4993 
81 4994 4995 72 10 255 138 4996 1063 283 1594 601 4997 
4998 4481 4999 5000 588 5001 5002 24 5003 4479 4480 4481 4482 4483 103 10 4484 4486 
10 5004 425 259 949 407 4 5005 282 5006 
2 669 286 4542 1451 10 915 4644 4939 43 4941 286 4542 148 87 4944 1451 211 5007 5008 
286 4542 1451 10 915 4644 4939 43 4941 286 4542 148 87 4944 1451 211 5009 5010 5011 
24 5012 5013 10 5014 5015 5016 
2539 5017 76 5018 5019 5020 3222 5021 5022 
24 4342 298 259 60 5023 4897 5024 5025 
24 5026 37 5027 5028 
283 5029 5030 500 5031 425 259 211 645 5032 5033 5034 588 43 5035 588 5036 5037 5038 5039 
408 119 4333 1495 70 497 4 5040 60 5041 816 362 425 1097 106 1435 4 5042 697 3803 5043 5044 
1657 2977 5045 5046 420 
5047 120 837 38 5048 1556 3906 4 255 43 5049 5050 106 10 5051 106 99 55 404 4677 5052 3511 408 4140 120 5053 
81 10 4490 5054 426 106 1326 2145 3826 2113 338 1529 192 296 5055 103 4023 5056 312 5057 5058 
696 697 211 698 5059 5060 5061 5062 546 362 286 72 5063 
191 426 4115 5064 5065 
37 51 410 5066 
1452 3399 915 3405 301 5067 259 5068 10 194 5069 5070 5071 957 812 13 3278 5072 211 5073 5074 
120 148 291 2053 5075 297 101 103 5076 56 491 1663 72 5077 5078 
24 5079 1452 3399 915 3405 301 5067 259 5068 10 194 5069 5070 5071 957 812 13 3278 5072 211 5073 5080 205 
426 43 5081 816 362 5082 5083 4748 5084 60 694 10 137 982 5085 984 5086 
1452 3399 915 3405 301 5067 259 5068 10 194 1450 588 211 1892 5087 5088 5089 
1452 3399 915 3405 301 5067 259 5068 10 194 1450 588 211 1892 5087 5090 5089 
38 92 51 235 72 56 1195 5091 5092 363 5093 5094 92 5095 5096 5097 
1452 3399 915 3405 301 5067 259 5068 10 194 5069 5070 5071 957 5098 5099 5100 
5101 4 191 931 601 2872 1324 716 1067 809 72 10 4478 5102 5103 584 4474 5104 5105 
1448 839 2648 3365 1645 532 3405 10 4421 297 957 5106 5107 
99 72 10 5108 5109 
5110 159 299 259 60 5111 5112 5113 5114 106 3120 1687 43 10 38 3317 72 3827 5115 5116 
10 1447 1448 163 937 1453 1757 3285 1377 234 106 2113 1643 5117 5118 
407 5119 72 10 166 5120 588 5121 5122 938 5123 
24 5124 842 291 5125 3948 2910 211 2076 1661 110 56 
10 1447 1448 163 937 1452 1453 1757 3285 1377 234 106 2113 1643 5117 5118 
5126 697 72 211 377 5127 44 5128 165 10 247 339 297 5129 86 55 1224 274 120 1195 5130 74 167 386 76 5131 
5132 211 5133 633 4467 2415 694 4375 5134 
1029 1354 3862 138 5135 5136 5137 3866 5138 
5139 955 697 363 5140 5141 5142 5102 5103 5142 5143 584 4474 5104 5105 
211 1798 5144 60 124 2830 233 442 5145 4547 1594 4 733 60 2155 106 540 43 1324 5146 584 5147 
5148 5149 191 5075 341 5150 5142 5102 5103 5142 5143 584 4474 5104 5105 5151 
1891 588 10 5152 1448 5153 362 72 2 5154 297 5155 5156 5157 
489 1009 558 5158 106 38 119 4065 4 2193 72 56 
38 70 2827 10 4781 103 5159 148 5160 3503 1042 291 390 363 5161 
1151 1594 43 10 3264 3468 948 2673 5162 
1452 3399 915 3405 301 5067 259 5068 10 194 1450 5163 
1046 120 386 211 502 5164 43 10 403 863 935 5165 
211 747 749 5166 138 211 3759 259 3733 339 5167 5168 
2562 4 5169 4374 1573 1953 106 4 732 629 4 862 291 5170 1494 705 2729 5171 694 4375 3739 13 5172 
5173 5174 2829 5175 5176 5177 5178 5179 5180 2613 76 72 56 705 103 3793 
5173 1597 5181 257 184 5182 138 60 10 5183 5184 5185 5186 299 539 4522 184 43 5187 705 55 2829 5188 80 
5189 5190 386 5191 448 120 1154 5192 1248 10 5193 
24 5194 333 2735 5195 259 72 951 3297 5196 
10 5197 406 5198 5199 539 2973 4 211 3962 72 3203 4 5200 60 5201 138 211 5202 3624 
24 2569 10 5197 406 5198 5199 539 2973 4 211 3962 72 3203 4 5200 60 5201 138 211 5202 3624 
5203 5204 5205 43 10 5206 
5207 5208 5148 5209 92 910 733 43 10 5210 
24 2569 10 5197 406 5198 5199 539 2973 4 211 3962 72 3203 4 5200 60 5201 138 211 5202 3624 
24 2569 10 5197 406 5198 5199 539 2973 4 211 3962 72 3203 4 5200 60 5201 138 211 5202 3624 
5211 120 910 924 60 2007 2646 43 10 74 299 259 55 110 5212 5213 
233 619 72 10 5214 70 71 3340 138 5215 211 5216 1785 71 863 558 5217 5218 38 548 1038 5219 3969 5220 
5203 418 99 4585 120 148 4 102 55 5221 5222 74 120 253 85 4682 4 546 362 1018 5205 43 10 177 
24 5223 233 619 72 10 5214 70 71 3340 138 5215 211 5216 1785 71 863 558 5217 5218 38 548 1038 5219 3969 5220 
160 43 364 488 103 60 1383 425 5224 816 362 425 5225 5226 5227 5228 5229 72 5230 5231 
5232 285 43 1427 1185 5233 
1358 137 5234 3919 43 2 5235 
4695 120 5236 10 5237 4057 74 35 103 211 5238 
5239 386 641 363 5240 5241 515 5242 5240 5241 515 5243 304 425 5244 5245 825 10 5246 5247 
1452 3399 915 3405 301 5067 259 5068 10 194 1450 588 211 1892 5087 5248 
5249 839 2648 3365 1645 532 3405 10 4421 297 957 4849 5250 
24 5251 617 2479 5252 276 5253 825 211 4237 3615 10 
5254 418 120 101 5255 449 219 5256 116 10 1547 5257 363 211 1452 1453 669 1824 
24 2569 10 5197 406 5198 5199 539 2973 4 211 3962 72 3203 4 5200 60 5201 138 211 5202 3624 
949 138 3186 5258 853 120 5259 291 10 5260 3436 2247 156 5261 412 4577 239 85 5262 
426 75 410 108 5263 538 5264 5265 110 5266 138 541 53 10 1547 1258 5267 1452 5268 5269 
5270 4 364 5271 442 151 1481 5272 5273 584 
4508 283 4 1281 5274 5275 5276 
915 1452 1453 2351 5277 43 5278 4422 211 136 137 138 2 395 3405 1953 116 205 5279 
5280 5281 5282 4 1155 410 4 361 239 5283 364 10 5284 705 
915 1452 1453 2351 5277 43 5278 4422 211 136 137 138 2 395 3405 1953 116 205 5285 
915 1452 1453 2351 5277 43 5278 4422 211 136 137 138 2 395 3405 1953 116 205 5286 
24 5287 92 51 2912 103 211 377 2773 2688 43 1219 51 410 211 4605 1490 449 1953 103 60 5121 4 1561 5288 690 205 
5289 1090 425 148 558 5290 297 211 10 5291 5292 
1782 10 1547 915 110 1550 3278 3279 3578 3579 4421 297 4849 747 5293 0 
5294 3165 166 72 1219 74 76 55 5295 5296 367 
5297 1018 403 410 101 733 239 72 10 106 92 539 276 937 4749 
299 539 5298 4 1729 5299 201 500 37 257 301 120 148 116 3340 138 5300 
10 1547 915 110 1550 3278 3279 3578 3579 4421 297 4849 5301 3782 5302 5303 1781 
1452 3399 915 3405 301 5067 259 5068 10 194 5069 5070 5071 957 5098 5304 5100 
5305 3091 5306 410 539 1380 1488 5258 5307 138 10 297 5308 184 148 5309 43 118 239 110 1488 74 5310 566 184 552 70 86 2115 
2646 297 10 1453 1661 2028 839 117 60 528 933 410 148 5311 
1495 598 148 60 1097 138 211 5312 5313 2279 4 5314 4612 363 375 72 10 5315 
235 103 211 5316 5317 443 633 10 5318 5319 5320 5321 5322 
5323 5281 38 51 410 406 1775 5324 729 86 72 10 5325 120 4404 86 72 77 5326 
5327 937 4 10 5328 5329 2163 5330 4565 60 5331 5332 2613 5333 
505 5334 5335 5336 5337 5338 10 5339 
24 5340 5341 5342 259 4538 5343 5342 2706 103 558 10 4508 72 5344 5345 1090 85 467 3729 4 5346 205 
5347 5348 1406 103 1219 
24 5349 72 211 5350 5351 5352 72 10 641 5353 60 426 5354 1135 5355 259 5356 5357 
101 5358 5359 72 10 106 211 5360 51 5361 114 5362 3743 
24 5340 5341 5342 259 4538 5343 5342 2706 103 558 10 4508 72 5344 5345 1090 85 467 3729 4 5346 205 
1722 10 1014 5363 363 5364 2995 103 1024 1607 363 283 502 283 5365 
5366 5367 5368 10 200 5369 4 148 4542 3978 43 5370 5371 
653 5367 5368 10 200 5369 4 148 4542 3978 43 5372 2 588 211 4716 5373 0 
5367 5368 10 200 5369 4 148 4542 3978 43 5372 2 588 211 136 137 138 4281 5374 
5367 5368 10 200 5369 4 148 4542 3978 43 5370 5375 
10 5328 5329 2163 1574 259 5376 43 5377 5378 732 937 4450 5379 5380 5381 
687 5367 5368 10 200 5369 4 148 4542 3978 43 5370 5382 
687 5367 5368 10 200 5369 4 148 4542 3978 43 5370 5383 
2028 5367 5368 10 200 5369 4 148 4542 3978 43 5384 588 211 3307 5385 
584 5386 5387 5388 
5367 5368 10 200 5369 4 148 4542 3978 43 5370 5389 0 
3375 5367 5368 10 200 5369 4 148 4542 3978 43 5370 5390 
5391 5392 633 10 5393 5394 
24 5349 72 211 5350 5351 5352 72 10 641 5353 60 426 5354 1135 5355 259 5356 5357 
5367 5368 10 200 5369 4 148 4542 3978 43 5370 5395 660 661 662 663 
691 5367 5368 10 200 5369 4 148 4542 3978 43 5370 5396 0 
4995 10 1404 176 5397 5398 339 5167 235 500 72 915 5399 5400 
1029 5367 5368 10 200 5369 4 148 4542 3978 43 5372 2 588 211 136 710 5401 
5367 5368 10 200 5369 4 148 4542 3978 43 5370 5402 
640 5367 5368 10 200 5369 4 148 4542 3978 43 5370 5403 0 
5367 5368 10 200 5369 4 148 4542 3978 43 5370 5404 0 
5405 5368 10 200 5369 4 148 4542 3978 43 5370 5406 
24 5407 10 5328 5329 2163 1574 259 5376 43 5377 5378 732 937 4450 5379 5380 5381 
5408 84 4 85 43 56 74 75 76 60 5409 1574 363 375 72 191 377 5410 5411 103 5412 5413 
640 5367 5368 10 200 5369 4 148 4542 3978 43 5372 648 211 136 3974 5414 
1029 5367 5368 10 200 5369 4 148 4542 3978 43 5372 648 211 136 5415 5416 
653 5367 5368 10 200 5369 4 148 4542 3978 43 5372 648 211 5417 5418 0 
640 5367 5368 10 200 5369 4 148 4542 3978 43 5372 648 211 5419 5420 0 
5421 5422 5423 2059 72 5351 72 56 408 51 5424 5192 2534 410 43 5425 
5421 952 443 259 2828 5426 74 10 259 5427 3265 
120 1095 60 1096 1097 5428 5429 5430 5431 588 3057 5432 211 5433 
5434 5435 5351 5350 5436 72 10 705 5437 
4695 10 3203 4 85 5438 55 5439 5440 
3603 2472 138 5441 5442 5443 60 5444 43 211 1547 634 72 136 137 138 2 1076 839 71 5445 205 5446 
211 1605 2105 259 5447 339 282 2505 5448 138 5429 5449 301 297 3100 5450 80 5451 
5367 5368 10 200 5369 4 148 4542 3978 43 5370 5452 
10 1080 1847 106 2918 1084 5453 137 5454 5455 5456 683 5457 5458 5459 
426 3544 4924 5460 3550 138 211 4926 4927 4928 3544 4011 4929 3662 3548 957 4013 10 4930 4931 
24 4872 4873 2074 4874 410 276 255 405 500 4 288 118 4875 4876 4877 4878 298 1495 10 4879 211 4880 3361 205 
120 403 108 298 600 4879 410 304 366 43 282 5461 74 285 342 119 5462 5463 10 259 55 558 5464 862 70 5465 
211 156 10 1706 110 1550 1661 3777 239 5466 38 5467 138 3438 106 5468 
5469 5470 5471 5334 5472 1352 5473 5474 5475 5476 5477 1352 10 5478 5479 5480 5481 5482 2613 
5483 661 5367 5368 10 200 5369 4 148 4542 3978 43 5372 211 136 5484 5485 0 
5367 5368 10 200 5369 4 148 4542 3978 43 5370 5486 
10 101 4748 239 497 60 342 5487 342 5488 560 3358 
10 101 4748 239 497 60 342 5489 342 5490 5491 560 5492 5493 363 60 5121 138 1840 5494 5495 
0 5483 1278 5483 5496 5368 10 200 5369 4 148 4542 3978 43 5497 5498 661 
75 299 2754 5499 92 121 4 339 297 211 10 3515 
106 376 408 10 259 1775 60 287 407 5500 3234 211 2646 71 297 5501 
5502 10 259 55 60 2520 5503 600 101 5504 5505 298 949 1495 43 47 1282 407 1019 85 5506 5507 2026 
1892 1448 3278 3781 120 1090 55 5 60 1376 5508 4 10 257 120 790 5509 5510 625 1150 
1782 1892 1448 3278 3781 120 1090 55 5 60 1376 5508 4 10 257 120 790 5509 5511 0 
601 3544 4109 70 5512 339 3546 4 3547 3548 957 5460 4111 4112 211 3851 1897 138 211 4929 4013 1219 
1892 1448 3278 3781 120 1090 55 5 60 1376 5508 4 10 257 120 790 5509 588 5513 
1131 1892 1448 3278 3781 120 1090 55 5 60 1376 5508 4 10 257 120 790 5509 5514 
5515 10 5516 5517 5518 5519 5520 5521 5522 500 283 893 5523 
106 1721 103 211 931 407 43 291 407 43 37 120 148 1368 5524 239 408 44 5525 4 5526 118 44 4 5527 282 1613 5528 
4929 5460 5529 5530 3662 3548 892 426 3544 5531 3550 138 3551 3552 4013 10 5532 103 4208 
5533 37 120 148 60 5534 138 749 75 
38 211 2646 110 10 116 2648 3295 438 2562 4 5535 5306 299 71 38 5536 43 211 931 1594 116 299 946 1304 5537 
5538 1090 55 5 60 1376 5508 4 10 257 120 790 5509 106 298 539 600 862 4 5539 588 10 1547 915 106 5540 5541 
10 56 86 406 376 56 
1892 1448 3278 3781 120 1090 55 5 60 1376 5508 4 10 257 120 790 5509 5542 3487 
92 51 43 425 5166 138 5543 2600 410 103 211 3340 5544 92 1042 191 192 4 5545 
5546 5547 1468 1684 683 5548 5549 825 56 5550 
5551 5552 5553 74 479 257 2059 5554 1399 120 253 339 5555 240 601 5221 2827 601 10 259 60 2392 500 5556 
24 5557 406 211 192 4 211 685 5558 839 148 47 5559 4578 297 5560 5561 403 5562 5563 
24 1199 5564 501 5565 625 904 
257 366 51 3172 1547 338 5566 3841 339 60 5567 138 191 5568 72 5569 315 5570 5571 43 5572 3846 
211 5573 5574 138 5575 43 618 5198 3906 103 5576 211 3105 4 5577 
5578 5579 116 600 51 286 5580 74 366 51 60 5581 161 5582 362 366 567 3438 5583 92 247 2871 363 
5584 5585 60 715 825 10 3793 
5578 1303 92 1042 55 4 2871 363 4101 5586 539 731 339 43 211 5587 3834 
5584 5588 5589 224 1495 55 148 211 5590 138 56 
5578 92 93 5591 933 92 5592 5593 1234 5594 253 120 3222 5595 601 147 933 120 539 546 284 5582 5596 
5578 74 1090 5597 282 3920 1443 3846 
38 5598 72 408 5599 116 10 2646 106 2113 1776 539 85 11 
5578 5600 1867 1090 4144 116 5601 118 5602 4988 138 5603 1755 5604 5605 
1363 5606 4466 298 3317 1326 948 5607 4 862 363 5608 2008 5609 10 5610 375 2754 600 148 2560 3862 5611 
10 1452 1097 5612 2155 184 1155 281 3285 4 4057 839 184 51 55 825 298 184 862 933 184 862 932 794 1019 85 5613 5614 5615 
5616 5617 2956 5618 5619 24 5620 5621 5622 5623 3707 72 60 5624 5625 10 410 5626 5627 
5628 2647 43 1452 1453 4541 5629 5630 297 4540 10 1547 1805 3278 3279 3280 4148 106 2113 1892 5631 5632 
5633 297 251 72 56 
5367 10 200 5369 4 148 4542 3978 43 5370 5634 5635 5636 5637 3487 5638 
2456 106 5639 5640 5641 5642 5643 2527 4 1219 5644 
5645 5368 10 200 5369 4 148 4542 3978 43 5370 5646 625 3363 
4065 5647 10 5648 5649 60 988 5650 5651 106 406 5652 5653 51 2008 5654 5447 1657 3976 
5655 1141 5656 74 1227 425 259 10 846 120 1736 5657 5552 
556 5658 239 5659 5660 106 2023 239 60 5546 138 5661 539 339 194 291 2680 3203 1306 
60 10 3471 5662 103 211 60 1684 5663 5664 5665 
10 5666 5667 5668 425 1947 5669 3068 
5670 3237 5671 297 5672 5673 5674 106 5675 5676 5677 4 5678 5679 5680 5681 
5682 5683 3278 3781 120 1090 55 5 60 1376 5508 4 10 257 120 790 5509 5684 3487 
3391 5682 5683 3278 3781 120 1090 55 5 60 1376 5508 4 10 257 120 790 5685 3277 5686 5687 0 
5682 5683 3278 3781 120 1090 55 5 60 1376 5508 4 10 257 120 790 5685 3277 1892 3331 5682 205 5688 
24 5689 3391 5682 5683 3278 3781 120 1090 55 5 60 1376 5508 4 10 257 120 790 5685 3277 5686 5690 205 
10 591 211 5691 5692 5693 2415 5694 5695 5696 3559 1195 60 1657 5697 5698 47 5699 72 5700 5701 5702 5703 817 
3391 5682 5683 3278 3781 120 1090 55 5 60 1376 5508 4 10 257 120 790 5509 5704 
24 1191 3391 5682 5683 3278 3781 120 1090 55 5 60 1376 5508 4 10 257 120 790 5509 5704 
24 5705 10 5706 5707 5708 5709 5710 5711 5712 5713 5714 2407 5715 106 5716 5717 
5718 1195 558 10 1378 5719 85 38 3340 4 602 5720 3068 1214 
120 1055 10 5721 211 5722 5723 257 299 5724 5724 106 3397 5725 10 5507 5726 5721 234 600 731 4577 5727 5728 5729 
5730 10 1408 60 1409 5731 5732 
24 5340 10 4703 5733 558 5734 5342 4810 558 5735 3262 5736 
1332 276 4 3792 4 769 5737 159 4 10 103 734 363 5738 
5739 5740 2969 5741 5742 184 3451 5743 362 138 10 3615 5744 5745 5746 4091 301 3383 259 5747 500 5748 3615 5749 2013 5750 
584 1447 1448 106 1643 163 937 1644 1453 1757 2878 3285 1377 3438 5117 5751 
1018 4164 60 1520 138 10 5752 5753 588 10 1547 200 5754 5754 211 5755 127 5756 5757 
286 4542 1451 10 915 4644 4939 43 4265 5758 
426 3544 4924 5460 3550 138 211 4926 4927 4928 3544 4011 4929 3662 3548 957 4013 10 4930 4931 
1892 10 1448 3278 3279 5759 5760 600 51 5761 5762 5763 2089 2947 3809 205 5764 1781 
