0 1 2 3 4 5 6 7 8 9 10 11 
12 13 14 15 16 17 0 18 19 
20 1 0 21 22 23 24 25 26 27 28 29 30 31 32 33 34 35 36 
37 38 39 7 40 0 27 41 30 42 43 44 45 46 47 48 49 14 50 51 
0 21 52 53 35 54 55 56 57 58 59 
60 28 61 62 37 63 64 65 66 67 68 0 69 
70 71 72 73 30 0 74 75 54 76 77 
78 79 80 81 30 82 83 0 65 7 84 81 85 86 
7 87 65 88 89 54 90 91 92 7 93 94 87 4 95 96 0 
97 70 98 14 4 0 99 
100 10 101 102 65 103 7 46 104 
105 106 107 0 99 
7 108 109 110 0 111 112 113 
37 114 100 10 101 102 65 103 7 46 104 
0 115 25 116 117 118 119 120 121 122 123 124 125 
0 115 25 116 117 118 119 120 121 122 123 124 126 
0 127 11 128 71 72 129 130 131 
132 0 115 25 116 117 118 119 120 121 122 123 124 133 
134 135 136 137 138 139 140 
141 142 143 144 145 146 106 147 148 149 30 150 146 151 
0 152 117 153 145 154 155 146 156 121 123 120 157 
0 158 159 160 161 162 163 117 164 120 165 
0 158 159 160 161 162 163 117 164 120 166 
0 152 117 153 145 154 155 146 156 121 123 120 167 
168 169 170 171 30 172 168 173 174 175 176 177 178 176 31 35 179 0 180 181 
182 183 184 185 186 187 188 72 189 190 0 191 192 75 193 117 118 194 195 196 
197 61 173 0 152 198 199 200 46 201 202 203 
204 131 205 0 206 207 208 209 
210 211 212 213 110 0 173 214 215 
216 217 218 219 4 220 221 222 223 224 145 100 225 226 227 228 3 229 54 230 75 30 231 
232 233 234 72 235 236 237 238 239 240 162 241 242 173 243 110 75 244 72 245 246 247 248 
249 250 251 252 234 72 235 236 237 238 239 240 162 241 242 173 243 110 75 244 72 253 246 247 248 
254 250 255 234 72 235 236 237 190 256 149 72 240 72 257 117 14 253 35 30 258 238 239 240 162 241 
259 260 261 27 262 263 264 265 7 81 266 117 30 0 267 268 
0 269 270 271 272 24 
273 274 275 72 276 0 277 30 278 18 279 280 7 71 281 117 282 283 
0 284 285 149 286 
287 288 289 290 291 292 54 0 152 293 
294 250 295 238 239 240 162 241 242 173 262 296 110 75 244 72 246 14 253 35 30 297 49 247 
298 65 190 7 299 72 300 54 301 302 296 303 75 304 305 7 28 27 306 30 307 308 171 226 309 
310 188 72 201 4 311 312 0 313 128 314 
298 7 315 316 72 317 14 318 319 320 3 
321 322 143 323 75 324 325 152 326 327 198 173 328 198 173 0 
329 250 330 256 71 72 201 4 311 331 332 264 333 264 334 171 335 336 337 338 49 247 
339 250 340 341 342 35 30 343 344 345 296 28 110 346 72 306 30 347 348 349 350 351 
352 353 354 355 313 80 356 357 358 
298 359 360 361 362 361 363 364 
0 365 264 366 367 368 369 171 30 370 371 372 54 343 90 373 374 30 375 376 377 378 
298 250 379 115 7 142 380 381 313 30 382 117 162 383 382 264 384 385 
37 386 387 14 388 389 390 123 391 101 392 224 4 393 394 395 396 397 398 399 400 
401 379 402 403 
206 404 405 145 406 407 408 409 173 410 0 411 10 412 145 413 414 415 416 417 418 
419 420 14 421 422 30 0 423 14 81 424 4 425 426 215 355 
298 339 173 117 427 428 429 296 262 110 430 431 309 
432 184 433 214 357 0 434 
298 435 436 14 238 2 3 4 437 236 54 438 173 439 440 441 442 
298 89 7 443 54 127 444 7 87 445 446 162 447 390 162 448 449 450 35 30 127 154 451 452 13 7 453 
454 250 455 160 342 296 81 72 456 224 30 311 344 345 89 371 457 
454 117 458 428 334 459 371 27 460 35 30 343 344 461 462 
463 49 247 464 25 465 72 466 240 467 14 71 334 468 469 81 4 470 471 472 
473 474 234 72 235 236 45 475 476 72 477 240 478 236 219 479 480 
481 30 148 482 
483 484 485 486 410 117 3 487 488 0 489 490 491 
492 493 494 495 496 497 446 0 145 498 499 
500 117 501 264 502 173 503 0 504 72 16 90 505 
506 507 0 296 508 135 509 510 117 307 420 511 512 173 52 513 514 515 75 509 516 517 
426 518 519 0 325 520 521 522 523 524 
525 250 526 527 383 345 528 529 
54 530 531 532 533 534 206 0 206 207 535 536 
537 25 110 346 72 9 72 335 448 449 264 45 538 539 371 27 306 540 269 11 541 171 224 72 
537 446 542 171 543 49 247 544 45 545 
546 547 14 108 7 65 307 72 548 117 14 521 416 549 313 28 75 550 551 7 518 93 94 264 52 0 552 553 554 
117 555 556 141 81 0 152 325 557 75 72 558 559 560 143 173 561 30 562 171 563 564 565 145 566 
567 148 437 458 337 568 569 72 458 337 200 570 219 30 571 
546 572 44 212 75 427 573 0 574 28 81 345 117 549 575 85 
576 528 14 577 578 
298 579 580 581 582 583 136 584 585 30 586 587 588 589 590 111 591 592 593 390 25 346 594 595 596 587 
298 597 598 599 600 75 30 601 602 603 173 604 605 606 
117 0 607 608 609 173 317 72 610 611 30 612 96 30 613 44 392 26 353 614 615 616 617 
219 618 72 100 10 13 619 620 281 621 24 
546 622 0 44 47 623 583 624 264 356 215 
0 269 313 65 625 7 46 626 627 
628 629 630 128 631 27 161 163 75 632 0 173 356 633 7 200 503 72 634 44 25 26 89 635 
636 637 
638 639 640 117 641 302 313 642 
643 7 644 437 0 173 645 
646 647 648 173 649 117 30 0 650 332 117 651 652 
298 653 654 145 655 656 657 72 655 658 659 660 661 662 262 528 25 663 334 664 665 
666 667 0 668 669 670 619 671 488 672 673 674 675 
676 7 677 678 72 0 24 
679 390 0 680 558 681 43 
46 682 683 28 684 685 686 35 47 152 687 
56 522 558 688 426 16 72 148 689 
7 690 691 171 692 264 506 693 90 694 695 696 697 698 
7 690 691 171 692 264 506 693 90 694 695 696 697 699 
0 11 424 4 700 
701 264 390 702 7 15 72 703 173 100 704 224 
705 390 706 707 
37 708 709 710 711 173 7 87 712 446 713 714 709 368 173 94 715 716 0 313 717 718 719 380 313 486 
720 608 721 722 30 221 313 75 400 723 
724 725 726 727 390 728 65 729 505 730 72 731 732 733 734 355 61 357 735 736 737 644 738 710 739 
214 222 740 37 741 742 219 14 743 744 745 358 
379 13 14 746 747 702 488 272 748 749 
750 751 752 94 753 754 44 30 755 7 15 56 285 75 356 173 148 756 
757 214 0 357 758 
302 0 759 630 760 619 761 145 762 763 
764 765 766 0 160 345 44 428 226 767 
768 16 72 214 769 770 0 313 771 212 772 
503 0 773 774 
503 72 775 776 390 7 46 777 54 0 778 
779 780 106 569 54 90 284 56 781 219 782 0 309 
298 783 262 784 72 30 509 510 785 173 786 787 346 72 788 789 553 790 262 791 792 793 
794 795 796 797 149 4 798 0 799 800 482 801 
802 803 804 805 264 0 75 123 121 806 120 807 
808 809 0 810 110 428 118 562 119 111 811 
802 803 804 805 264 0 75 123 121 806 120 812 
0 152 173 198 813 478 814 583 311 815 224 120 816 
817 420 0 759 818 819 30 11 27 820 264 30 131 171 30 471 357 821 24 
822 823 54 426 824 54 825 96 0 72 356 826 671 827 65 828 188 117 789 72 829 54 343 830 
831 797 149 0 832 476 264 833 
37 834 831 797 149 0 832 476 264 833 
0 407 53 835 56 599 92 836 837 838 
839 840 148 
197 65 841 446 100 337 842 843 84 620 281 54 269 212 173 89 14 149 14 142 309 844 
7 619 30 845 846 72 437 224 0 173 2 789 4 847 171 54 848 849 
0 464 25 850 3 451 7 27 851 852 162 853 747 854 855 856 
7 15 72 857 30 858 173 859 42 75 860 
861 862 863 864 865 488 7 16 72 866 867 72 868 869 
870 871 117 872 873 0 874 875 
360 876 877 878 72 879 880 72 876 881 882 883 884 885 75 886 242 264 887 
888 889 890 371 891 81 870 117 892 893 0 357 894 895 896 897 
49 14 117 766 335 898 899 296 56 900 110 323 145 901 96 902 903 543 
173 89 7 904 54 301 72 379 863 15 905 906 907 
908 909 521 910 911 912 913 914 915 916 917 918 919 214 27 857 920 222 0 921 922 
0 7 589 224 35 923 
924 214 925 356 926 0 927 928 929 930 931 932 
7 71 448 933 269 934 746 935 13 0 56 448 936 
37 937 7 71 448 933 269 934 746 935 13 0 56 448 936 
938 939 940 911 941 224 72 247 0 313 30 942 
65 30 851 943 944 35 100 124 510 528 4 945 946 947 272 948 
7 949 72 950 145 0 447 7 27 951 952 44 7 28 743 762 953 
954 234 72 235 236 955 956 24 190 14 957 334 468 958 464 959 240 960 
518 212 262 619 61 117 961 962 963 964 882 169 965 966 72 148 967 
968 250 969 970 149 14 299 407 11 971 464 14 71 334 972 35 973 
619 974 975 37 976 85 977 978 979 980 981 911 982 212 983 117 148 982 984 985 
986 7 264 0 760 
987 233 528 14 988 72 815 224 117 335 160 345 357 989 990 464 959 240 142 190 14 957 334 991 
13 387 54 0 479 72 16 72 214 992 13 993 
994 995 173 117 996 997 998 149 72 2 14 4 999 1000 239 240 162 241 242 416 243 110 75 1001 
54 1002 771 0 90 1003 
298 28 1004 1005 400 1006 160 1007 1008 1009 1010 1011 437 1012 1013 1014 49 14 
298 482 7 84 1015 857 522 688 7 1016 81 94 553 1017 
37 1018 0 1019 1020 
37 1021 1022 56 1023 1024 306 1025 1026 145 162 311 1027 1028 
25 503 72 30 1029 793 1030 4 1031 173 0 72 1032 117 45 1033 1034 773 1035 1036 
298 1037 117 30 1038 544 72 235 18 1039 236 45 1040 
0 173 57 787 4 1041 1042 1043 
577 0 771 1044 171 1045 
25 1046 30 311 0 160 1047 96 308 72 1048 1049 
54 825 313 0 269 44 89 766 1050 8 110 1051 72 1052 416 1053 57 488 1054 1055 1056 7 1057 149 164 280 
1058 1059 35 632 1060 7 108 35 148 
1061 148 1062 
1063 106 72 1064 75 4 0 1065 
54 1066 1067 1068 1 173 47 25 1069 1070 14 61 416 868 
719 644 857 1071 558 14 0 1072 
1073 1074 437 0 309 
1075 410 54 90 146 374 905 365 81 815 374 0 357 1076 
313 94 518 1077 357 79 100 269 102 1078 
0 1079 30 510 7 784 72 1080 7 15 54 1081 173 1082 
1083 1084 146 145 214 173 1085 0 1086 1087 7 1088 264 4 0 336 337 138 30 513 1089 
1090 390 618 72 3 1091 433 1092 1093 1094 353 1013 355 
1095 1096 1097 1098 115 0 198 1099 1100 1101 49 14 117 1102 1103 1104 1105 1106 
37 1107 855 1108 407 1109 145 214 75 54 1110 1111 
37 1107 855 1108 407 1109 145 214 75 54 1110 1111 
1112 1113 28 1114 1115 72 1116 214 357 0 1117 
407 1118 145 30 311 0 152 74 680 1119 
1059 177 1120 1121 357 358 975 1122 
1070 1123 1070 1124 1070 0 173 1070 1125 1126 1127 
1128 1129 1130 177 1060 35 0 
1128 1131 1132 0 1133 1134 
13 46 7 257 54 0 198 1135 24 864 1136 449 1137 
84 1138 1139 1140 31 35 943 1131 416 1141 0 124 1131 504 1142 1143 35 1144 1145 
1146 0 222 319 1147 145 3 
90 1148 72 311 1149 1150 311 160 1149 1151 0 336 1152 
37 1153 1154 269 11 313 1155 1156 
1157 1158 1159 75 135 1160 1161 1162 
37 1153 1154 269 11 313 1155 1156 
1163 1164 1165 72 460 35 214 61 1166 1167 0 72 120 1168 
37 1169 84 1138 1139 1140 31 35 943 1131 416 1141 0 124 1131 504 1142 1143 35 1144 1145 
1170 0 1171 
37 1153 1154 269 11 313 1155 1156 
1172 44 14 1173 709 713 222 1174 313 149 0 251 1175 222 14 437 789 44 14 71 72 188 701 843 353 25 30 851 1176 
37 1177 1172 44 14 1173 709 713 222 1174 313 149 0 251 1175 222 14 437 789 44 14 71 72 188 701 843 353 25 120 
1178 358 515 1179 1180 1181 
365 7 644 1182 54 1183 1184 1185 1186 1187 173 1188 1189 1190 148 
13 464 7 81 72 367 72 189 141 313 1092 1191 0 1192 985 13 104 81 390 1193 
1194 0 558 1195 
56 1196 1197 1198 148 1199 1200 1201 
1202 474 330 873 1203 30 1204 35 0 65 56 1205 1206 117 1207 1208 30 530 1209 1210 1211 1212 592 18 
488 186 1213 45 1214 771 0 1215 
1216 1217 1218 1219 1220 1221 542 224 1222 1223 272 933 1224 1225 112 1226 94 1227 94 128 1228 1229 7 201 0 117 247 1230 1231 
1160 1232 112 1233 201 863 4 148 212 568 212 863 528 1234 94 284 18 11 173 1235 1236 1237 219 7 1238 1239 1240 
7 1241 16 54 1242 7 296 1243 863 4 0 1244 65 1245 1246 24 
1247 464 1074 4 1248 89 14 1249 1250 1251 3 777 54 214 173 0 1252 173 54 1253 1254 47 747 1255 635 
298 92 143 7 28 1256 145 30 1109 72 743 30 1257 
1258 1259 1260 14 766 632 0 357 1261 
132 0 72 1262 367 198 1263 72 214 121 122 123 120 1264 
7 518 1265 1266 173 54 90 1267 72 1268 7 108 7 677 148 1269 54 0 1270 1271 
1272 30 880 592 1273 72 201 7 1274 482 109 110 30 1275 1276 35 0 488 27 201 7 1274 274 141 313 1174 1277 
37 1278 1279 875 0 313 1175 1280 
54 1281 825 313 214 173 197 204 117 0 843 1282 
7 479 30 278 401 1283 374 30 0 1284 486 1285 72 3 72 1286 54 1287 1288 117 30 74 694 1289 264 1290 
37 1291 30 1292 75 123 1293 3 171 393 1294 396 117 632 1295 117 356 173 400 117 148 
37 1291 30 1292 75 123 1293 3 171 393 1294 396 117 632 1295 117 356 173 400 117 148 
37 1291 30 1292 75 123 1293 3 171 393 1294 396 117 632 1295 117 356 173 400 117 148 
37 1291 30 1292 75 123 1293 3 171 393 1294 396 117 632 1295 117 356 173 400 117 148 
869 37 1291 30 1292 75 123 1293 3 171 393 1294 396 117 632 1295 117 356 173 400 117 148 
1296 30 1292 75 123 1293 3 171 393 1294 396 117 632 1295 117 356 173 400 117 1297 
37 1291 30 1292 75 123 1293 3 171 393 1294 396 117 632 1295 117 356 173 400 117 148 
37 1291 30 1292 75 123 1293 3 171 393 1294 396 117 632 1295 117 356 173 400 117 148 
37 1291 30 1292 75 123 1293 3 171 393 1294 396 117 632 1295 117 356 173 400 117 148 
37 1291 30 1292 75 123 1293 3 171 393 1294 396 117 632 1295 117 356 173 400 117 148 
37 1291 30 1292 75 123 1293 3 171 393 1294 396 117 632 1295 117 356 173 400 117 148 
37 1291 30 1292 75 123 1293 3 171 393 1294 396 117 632 1295 117 356 173 400 117 148 
37 1291 30 1292 75 123 1293 3 171 393 1294 396 117 632 1295 117 356 173 400 117 148 
37 1291 30 1292 75 123 1293 3 171 393 1294 396 117 632 1295 117 356 173 400 117 148 
37 1291 30 1292 75 123 1293 3 171 393 1294 396 117 632 1295 117 356 173 400 117 148 
37 1291 30 1292 75 123 1293 3 171 393 1294 396 117 632 1295 117 356 173 400 117 148 
37 1291 30 1292 75 123 1293 3 171 393 1294 396 117 632 1295 117 356 173 400 117 148 
37 1291 30 1292 75 123 1293 3 171 393 1294 396 117 632 1295 117 356 173 400 117 148 
37 1291 30 1292 75 123 1293 3 171 393 1294 396 117 632 1295 117 356 173 400 117 148 
1296 30 1292 75 123 1293 3 171 393 1294 396 117 632 1295 117 356 173 400 117 1297 1298 
0 173 214 72 1299 1300 1301 96 1302 1303 56 920 1304 1305 
56 920 28 709 1306 37 1307 0 173 214 72 1299 1300 1301 96 1302 1303 56 1308 1309 
37 1291 30 1292 75 123 1293 3 171 393 1294 396 117 632 1295 117 356 173 400 117 148 
37 1291 30 1292 75 123 1293 3 171 393 1294 396 117 632 1295 117 356 173 400 117 148 
0 1310 1311 171 1312 171 0 1313 1314 1315 120 1316 
37 1291 30 1292 75 123 1293 3 171 393 1294 396 117 632 1295 117 356 173 400 117 148 
37 1291 30 1292 75 123 1293 3 171 393 1294 396 117 632 1295 117 356 173 400 117 148 
37 1291 30 1292 75 123 1293 3 171 393 1294 396 117 632 1295 117 356 173 400 117 148 
37 1291 30 1292 75 123 1293 3 171 393 1294 396 117 632 1295 117 356 173 400 117 148 
37 1291 30 1292 75 123 1293 3 171 393 1294 396 117 632 1295 117 356 173 400 117 148 
37 1291 30 1292 75 123 1293 3 171 393 1294 396 117 632 1295 117 356 173 400 117 148 
37 1291 30 1292 75 123 1293 3 171 393 1294 396 117 632 1295 117 356 173 400 117 148 
1157 1317 1318 54 1319 1320 1321 1322 1323 173 1324 1325 89 75 1326 1327 
7 1328 1203 1329 1330 1331 1332 714 54 0 152 489 222 56 478 291 72 857 1333 
37 1291 30 1292 75 123 1293 3 171 393 1294 396 117 632 1295 117 356 173 400 117 148 
1334 857 1335 1336 35 100 943 1131 1337 1338 1339 72 1340 1341 943 506 594 1342 688 311 1343 1344 355 
37 1291 30 1292 75 123 1293 3 171 393 1294 396 117 632 1295 117 356 173 400 117 148 
672 7 1345 1346 630 219 54 1347 1348 3 72 1349 72 1190 868 49 1002 7 1350 94 1351 
183 182 1352 1353 1334 1181 117 1354 173 1355 1356 1357 1358 72 0 173 296 1359 
1203 1360 31 75 1361 1181 72 0 198 1362 
1363 1364 1365 1366 1181 117 30 1355 1367 1368 94 72 0 416 296 1359 1369 
37 1291 30 1292 75 123 1293 3 171 393 1294 396 117 632 1295 117 356 173 400 117 148 
37 1291 30 1292 75 123 1293 3 171 393 1294 396 117 632 1295 117 356 173 400 117 148 
1370 736 843 1371 843 1372 7 108 851 944 0 843 302 851 1373 1374 81 843 25 1375 410 390 143 843 1376 
1377 7 1378 4 1379 264 0 1380 
0 1381 1382 1383 1384 117 311 510 1385 
1386 474 1387 1388 30 1389 171 162 1390 1391 
1392 518 143 0 1393 54 825 
1394 1395 1396 1397 1398 1399 
1400 250 1401 1367 1402 162 241 242 1403 30 0 1404 1405 35 1406 173 296 110 75 244 145 14 770 351 
1407 319 1408 72 1409 117 127 154 285 1410 49 247 
1411 233 1412 35 237 1367 1350 30 1413 224 72 30 1414 1415 371 296 110 75 244 145 14 770 
1416 250 1417 1367 1402 162 242 35 30 0 1404 1405 35 1418 30 1419 296 110 75 244 145 14 770 49 247 
13 30 1070 313 0 269 65 272 117 30 1420 945 1421 
37 1422 100 1423 569 35 961 863 27 65 582 1424 1425 
0 121 1426 121 160 121 30 311 164 1427 144 1428 1429 
183 182 1352 1334 1363 959 0 416 1335 1336 1430 1431 1432 1433 264 366 1434 94 1435 
1436 0 200 103 7 108 1437 171 555 1438 103 778 357 1439 
1440 215 84 15 1441 7 108 7 1442 868 
683 1443 863 72 367 1444 1445 337 1446 25 104 171 1447 30 337 825 313 895 1448 
37 1291 30 1292 75 123 1293 3 171 393 1294 396 117 632 1295 117 356 173 400 117 148 
37 1291 30 1292 75 123 1293 3 171 393 1294 396 117 632 1295 117 356 173 400 117 148 
1449 56 961 203 1450 446 1451 1452 0 
37 1291 30 1292 75 123 1293 3 171 393 1294 396 117 632 1295 117 356 173 400 117 148 
1353 183 182 1334 1363 296 189 190 1453 79 1454 357 365 262 626 1455 0 1456 
37 1291 30 1292 75 123 1293 3 171 393 1294 396 117 632 1295 117 356 173 400 117 148 
1457 46 1458 44 851 0 284 1459 477 14 1460 482 
100 1461 313 1462 1463 1464 1465 
1466 1467 1468 117 1469 1470 171 1471 171 1472 30 1473 35 1474 1475 1476 1477 447 171 0 120 1478 
37 1291 30 1292 75 123 1293 3 171 393 1294 396 117 632 1295 117 356 173 400 117 148 
37 1291 30 1292 75 123 1293 3 171 393 1294 396 117 632 1295 117 356 173 400 117 148 
100 269 149 1479 1480 1481 
13 109 1482 173 356 16 335 226 1483 72 1484 106 313 390 1485 
1486 100 337 313 25 1487 1488 
298 13 365 7 367 54 1489 190 7 864 1490 103 1491 1492 1493 1494 449 1495 143 1496 1497 1498 
1157 1499 1500 1501 1502 1503 1504 1505 1506 
387 7 815 224 117 4 1507 1508 270 84 1509 0 1510 667 
359 1511 1512 1513 313 264 30 1514 1515 1516 72 0 1517 203 
117 427 75 1518 1519 1520 980 1521 1522 72 81 1523 212 162 1524 
37 1525 117 427 75 1518 1519 1520 980 1521 1522 72 81 1523 212 162 1524 
37 1525 117 427 75 1518 1519 1520 980 1521 1522 72 81 1523 212 162 1524 
307 1526 173 1527 1528 49 1529 1530 1531 1532 1533 1534 1535 683 1536 1537 
298 233 1538 456 4 1539 197 851 1490 1540 56 1413 1541 1542 1543 1544 
797 18 355 37 1545 1546 72 1547 224 786 335 1548 72 0 264 404 1549 1550 1551 
37 1545 1546 72 1547 224 786 335 1548 72 0 264 404 1549 1550 1552 
1092 0 313 131 1553 1554 
1555 1556 7 1557 1558 236 390 4 1559 1342 368 173 1560 0 25 72 102 65 1561 1562 
1157 135 131 1563 1564 1565 1566 1567 
1568 7 479 0 72 857 124 1569 
13 0 791 56 337 521 1570 
1070 94 0 1481 1102 3 1571 864 56 337 
1572 1573 719 85 433 162 137 1480 54 794 1574 1575 1576 1577 1578 173 390 87 710 530 1579 145 868 65 518 433 1580 
144 594 1581 1582 1583 264 1584 1585 214 121 1586 0 121 404 1587 356 121 1588 
1157 54 1320 1322 18 313 1589 1590 1591 1592 212 1564 1565 4 109 1593 1594 1595 1156 1596 
1597 484 747 0 
1598 1599 1600 1601 171 1060 1602 1603 173 94 296 1604 264 1605 558 1606 0 1607 1608 1609 
1610 1611 219 236 0 357 1612 262 365 1613 1152 843 
0 121 1426 121 160 121 30 311 164 1427 144 1428 1614 
0 1615 311 510 72 152 198 1616 145 648 121 1617 1618 
1619 1619 1620 7 87 1621 171 1622 30 1623 1624 683 284 646 18 65 1625 
791 54 1626 1627 173 54 90 135 56 1628 54 1629 989 1497 219 618 72 358 
1630 14 743 0 357 1631 
298 219 81 618 72 358 54 1466 90 1632 173 54 1629 989 791 135 56 1628 54 989 28 25 1633 
1634 863 56 1635 
1636 1634 863 56 1637 
1638 197 35 1639 780 780 1640 
141 1641 284 0 212 762 953 173 284 56 337 1642 
1190 1643 54 90 56 778 8 1644 
1645 1646 83 832 949 1647 
189 25 851 3 141 795 1648 357 7 1649 0 284 103 227 65 367 1650 117 1651 
1652 56 1653 587 313 1639 141 1654 511 512 1655 1656 
37 1657 1658 1659 145 0 11 
1660 205 0 437 208 1661 
1662 1663 54 1664 173 426 81 898 44 54 1665 54 1666 173 7 81 56 337 1667 286 358 1668 1663 
1669 173 35 90 200 56 1670 15 54 778 1671 1672 13 0 1673 
54 794 1245 1674 437 0 117 3 
371 1649 1437 1675 0 81 1109 869 
27 1676 437 1677 
1678 1190 1196 71 72 201 1679 96 0 867 117 762 57 461 
0 1680 317 3 30 1681 27 120 7 161 1682 1683 
37 1684 37 1657 1658 1659 145 0 11 
1685 477 789 135 0 1686 832 81 337 
1687 1688 1689 1690 1691 0 445 3 1692 793 518 143 54 1693 1694 1695 56 825 117 1696 7 672 780 1697 
37 1698 1699 860 
1700 27 7 569 446 773 72 1701 14 54 1702 1703 1452 0 1650 1704 1613 1705 1706 72 16 30 1707 1697 1708 
37 1709 1676 1710 72 437 379 357 1641 262 1241 81 335 1384 1166 773 7 1711 
1070 940 484 7 128 109 2 0 1712 1713 1712 1713 1714 
1715 1716 87 356 4 945 1717 1718 173 143 1647 
1719 1720 1721 1722 0 
313 54 90 1723 357 30 0 313 1724 
1725 30 1726 1649 0 619 1727 1728 313 747 171 30 1729 1730 1211 1731 451 94 211 456 4 945 171 1732 
84 1575 743 0 7 1711 356 313 1733 582 75 1734 171 269 482 
264 1735 864 1245 15 1736 843 1070 0 1737 
1738 190 14 15 448 0 84 1739 851 214 173 356 1739 
873 0 759 173 7 28 81 1740 
0 1741 1742 446 1743 518 451 1744 
37 1745 56 337 597 568 1697 869 0 380 14 
970 149 278 0 1686 528 1746 1747 145 30 337 1748 1749 491 
379 1463 162 1109 1750 
1442 0 72 214 843 
780 1751 7 87 1546 72 1752 54 1753 72 829 54 1124 143 54 0 778 313 368 111 1754 7 104 829 94 1755 
7 1756 94 89 214 1757 72 54 1253 1758 3 72 1759 1760 173 7 1761 7 81 0 687 762 1762 1763 
1764 0 1765 1766 446 1767 173 1768 54 90 1769 72 1593 154 1770 72 54 90 1771 296 1765 478 1772 
1747 145 0 1773 897 897 1774 
1157 54 1320 1321 1322 1323 313 1775 1776 4 1777 75 506 1778 1779 1780 1781 1782 
1783 1784 1785 528 14 766 358 
1059 177 1120 1786 264 943 558 1606 851 35 0 1787 
0 607 528 14 1788 30 1784 1789 319 1649 1790 
286 313 1659 145 868 1791 
1157 54 1320 1321 1322 1323 313 1775 1776 4 1777 75 506 1778 1779 1780 1781 1792 
35 31 35 0 1131 1606 
1793 84 108 1794 1795 851 35 148 
65 313 94 0 1796 313 1797 357 54 1798 
1799 0 558 1800 1059 845 1801 521 
1802 1803 4 1804 1805 74 121 1806 224 171 1807 1806 224 145 1808 528 14 503 72 1809 54 975 1810 
1811 515 0 
30 1473 35 1474 1475 1476 1477 447 171 0 72 1812 117 1813 72 1814 1469 1470 171 1815 120 1816 
1157 843 1817 1322 1323 313 1775 1818 1819 7 31 72 1820 1821 
1793 128 1822 1823 4 1824 843 530 131 0 42 1825 1826 1786 786 4 945 1717 843 
1827 100 943 1828 
1829 1830 683 357 1831 1832 1833 1834 1017 
1835 54 794 15 437 0 1613 13 30 1650 92 149 1836 1837 1838 1839 482 
1840 0 1841 1842 521 
873 768 1838 836 428 599 30 1437 1843 1190 0 
1844 1790 0 313 368 
37 1845 1846 445 14 1794 37 1847 1835 54 794 15 437 0 1613 13 30 1650 92 149 1836 1837 1848 120 
1849 437 224 0 1850 
0 14 1851 54 1200 145 162 1769 1852 14 
37 1853 0 1710 72 464 1658 236 1160 10 11 47 577 1854 3 281 
1855 1856 234 1857 1858 0 1859 1606 1860 
1861 7 71 52 1251 1862 190 54 127 313 28 1013 1863 1864 7 27 464 4 1865 1866 264 334 0 1867 1868 355 
1869 1870 484 1871 390 1872 234 1224 657 863 703 0 787 4 1873 1874 1875 1876 1877 1878 24 863 1879 
1880 1881 445 240 1882 1883 313 143 35 0 558 1884 1885 3 56 379 106 1886 1887 
1888 0 558 1606 
1889 14 1245 15 0 1245 15 214 1245 15 356 219 14 15 1480 
1481 1890 1891 162 577 1892 1109 1575 688 471 1893 
214 1894 0 1895 959 214 1896 1897 1403 118 1898 123 1899 120 1900 
298 65 219 1901 72 30 1108 141 1902 762 163 173 479 1444 72 1903 1904 1905 
37 1291 30 1292 75 123 1293 3 171 393 1294 396 117 632 1295 117 356 173 400 117 148 
1906 1907 313 390 143 35 1908 
1909 197 766 214 835 44 7 15 72 1910 72 0 
1911 35 0 198 1912 173 47 1913 1914 
1658 313 1659 145 0 11 173 47 1915 1916 
37 1917 219 30 1070 961 148 577 1918 1919 
45 0 313 1920 3 1921 
269 10 1922 368 72 1923 1924 0 1925 619 1926 135 30 90 56 898 
1927 1928 7 1929 505 579 7 108 1930 1931 35 0 173 1932 505 
931 1933 307 508 171 1934 0 509 1935 307 508 171 1934 0 509 1936 1937 1938 1939 
1940 1941 0 1381 1382 1383 1384 117 311 510 1942 
1619 1943 189 863 1944 1945 206 1946 1947 1948 
25 768 367 72 392 311 747 1949 1950 278 1951 371 296 1952 3 72 674 518 149 148 1953 
1954 753 857 0 72 1765 54 1955 
37 1956 1911 35 0 198 1912 173 47 1913 1914 
1957 1958 1959 75 1960 171 30 1961 1962 1963 0 56 898 1964 
0 1615 311 510 72 152 198 1616 145 648 121 1617 1965 
0 1615 311 510 72 152 198 1616 145 648 121 1617 1966 
1967 149 162 127 264 30 0 552 149 1836 
1968 1969 7 96 0 1970 1971 1972 1973 215 1028 
1070 112 313 760 1658 1659 145 30 198 357 0 1974 764 766 0 152 325 1251 3 1351 313 760 334 1975 
65 1976 1977 30 1582 197 1978 1979 619 1980 835 197 25 1981 72 201 1427 144 594 773 1982 949 14 0 
1983 171 30 1984 0 1985 94 1986 30 137 127 154 345 1987 1403 1988 
7 464 94 117 148 37 1989 79 214 81 1990 7 15 72 1052 789 1991 72 1992 789 390 762 449 1993 
1994 72 644 630 374 501 264 1995 72 263 1996 173 1997 44 488 30 0 1726 313 28 21 30 989 680 843 1998 
1999 2000 2001 2002 44 7 8 743 54 90 143 2003 7 518 904 96 0 72 214 2004 
2005 7 200 743 0 2006 54 2007 1650 2008 87 2009 2010 845 648 2011 
123 169 884 170 773 2012 177 2013 2014 2015 281 264 2016 31 35 0 1171 
37 1291 30 1292 75 123 1293 3 171 393 1294 396 117 632 1295 117 356 173 400 117 148 
2017 482 488 262 56 2018 81 72 777 747 2019 30 1466 145 30 366 2020 65 2021 47 1830 0 357 356 7 2022 
2023 2024 2025 313 2026 583 2027 
37 2028 0 2029 2030 345 117 164 1427 144 2031 2032 
37 2028 0 2029 2030 345 117 164 1427 144 2031 2033 
0 173 214 528 2034 2035 145 4 2036 2037 2038 189 219 356 27 1299 2039 
2040 0 317 3 30 144 594 2041 1697 505 
2042 1659 145 54 2043 7 27 2044 44 30 513 2045 25 2046 1190 868 
37 1545 1546 72 1547 224 786 335 1548 72 0 264 404 1549 1550 1552 
37 2028 0 2029 2030 345 117 164 1427 144 2031 2047 
37 1291 30 1292 75 123 1293 3 171 393 1294 396 117 632 1295 117 356 173 400 117 148 
2048 0 173 356 200 1442 54 1146 442 
2049 1156 0 144 594 1581 836 264 2050 264 2051 44 7 27 851 690 2052 264 2053 173 197 264 2013 24 
37 2028 0 2029 2030 345 117 164 1427 144 2031 2054 
37 2028 0 2029 2030 345 117 164 1427 144 2031 2047 
2055 250 2056 238 239 240 162 241 242 173 243 110 75 244 145 247 355 
1573 128 2057 37 2058 2059 135 30 214 1686 2060 56 2061 2040 868 1566 
2062 250 2063 234 72 235 236 237 238 239 240 162 241 242 173 243 110 75 244 72 246 14 2064 49 247 
561 30 1102 171 2065 521 2066 72 1467 35 0 198 2067 558 2068 35 1466 2069 2070 2071 2072 1160 2073 35 2074 2075 
37 1291 30 1292 75 123 1293 3 171 393 1294 396 117 632 1295 117 356 173 400 117 148 
37 1291 30 1292 75 123 1293 3 171 393 1294 396 117 632 1295 117 356 173 400 117 148 
1411 233 284 30 1419 68 75 244 145 14 2076 973 
902 72 464 89 7 2077 224 2078 313 72 392 2079 117 54 1270 173 2080 0 120 
2081 250 2082 262 296 241 14 2078 264 30 2083 1707 14 81 2084 460 2085 173 49 14 117 162 2086 
0 1427 144 594 301 2087 1403 2088 2089 
1157 1775 1776 2090 2091 
2092 250 2093 234 390 14 2094 45 2095 313 760 2096 171 30 1413 390 262 27 246 14 145 121 334 2097 2098 
0 1615 2099 2100 121 2101 121 2102 803 2103 173 120 2104 
2105 2106 2107 81 4 470 471 472 
286 2108 863 577 1649 2109 456 368 655 845 152 198 74 786 1466 2110 143 863 518 1519 3 715 1516 1579 2111 768 1613 3 72 2112 
2113 24 0 16 146 96 2114 2115 307 72 594 2116 24 65 2117 2115 488 27 2118 24 
2119 1375 2120 204 2121 2122 2123 2124 644 1842 0 2125 1243 2126 296 2127 630 264 334 0 2128 96 2129 2130 
298 7 433 72 239 863 44 2131 212 94 1649 390 14 528 25 2132 1916 
2133 447 1468 117 1469 1470 171 1471 2134 
298 760 313 56 239 2135 35 162 2136 
0 1381 1382 1383 1384 117 311 510 2137 
0 1381 1382 1383 1384 117 311 510 2138 
1070 961 0 518 2072 7 15 72 317 1103 72 54 2139 14 1070 224 35 3 14 15 3 72 850 2140 701 2141 
2142 214 2143 2144 1650 2145 0 2146 506 1579 2147 7 108 
37 2148 15 4 2149 72 857 4 31 2150 1786 75 30 2151 2152 2153 777 630 478 75 30 2154 2155 2156 120 
719 262 81 0 111 45 1864 2157 131 
274 37 2158 2159 2160 2161 141 2162 0 212 2163 2164 56 2165 2166 2167 
2168 655 10 313 219 309 2169 0 214 309 
2170 2171 66 503 72 110 2172 145 162 377 664 72 2173 1322 2174 2175 464 257 162 2176 117 2177 355 
2178 100 2179 
100 269 313 128 597 597 103 412 2180 2181 173 2182 2183 
298 219 313 1659 145 162 2184 7 81 646 2185 598 599 117 30 1420 945 2186 2187 
2188 2189 7 189 737 579 0 2190 200 2191 2191 2192 2193 851 81 2194 1466 2195 2196 268 506 1373 2115 16 2197 
2198 310 201 368 54 2199 1864 56 478 269 2200 2080 0 24 
2201 0 284 4 2202 117 30 2203 2204 2205 
37 2206 2133 447 1468 117 1469 1470 171 1471 2134 
100 269 449 1481 102 2207 
0 1710 748 2208 96 80 2209 
2210 110 2211 145 30 2212 149 58 2114 2213 269 2214 2215 35 2216 2217 2218 0 173 356 2219 390 2220 2221 
2222 359 0 112 1216 0 2223 1181 2224 86 
868 13 14 84 959 3 2225 2226 851 594 2227 2228 845 46 201 54 144 2229 
7 46 188 72 437 0 2230 197 592 577 2231 390 1433 2232 3 75 54 1650 1516 2233 
597 597 841 145 100 269 337 173 2234 2235 
2236 379 1861 2237 2238 173 2239 2240 
307 508 2241 2242 747 1096 0 558 2243 96 1302 2244 72 2245 
2246 313 0 152 198 558 2247 44 47 2114 1579 2248 619 2249 2250 
85 15 2251 3 1201 1070 14 112 7 2252 825 815 224 72 0 2253 
298 13 315 7 2254 145 30 2255 7 1475 89 7 315 766 30 2256 1510 
37 2257 597 597 841 145 100 269 337 173 2234 2235 
2258 521 264 4 131 149 955 54 269 1116 72 2259 2260 35 1916 2261 868 
54 198 173 2262 2263 35 30 0 799 313 2264 106 464 7 281 2265 46 970 1224 16 2266 
13 25 2267 1916 7 40 197 2268 2269 2270 2271 722 
2272 582 644 0 1613 162 825 619 226 2273 173 1613 190 863 743 513 90 27 743 30 226 2274 
2275 7 743 0 940 2276 
286 2277 56 2278 286 1639 
37 2279 215 2280 14 379 7 367 4 2281 2282 1857 200 15 72 620 54 2199 667 
0 799 313 2283 
100 269 313 2284 
1490 30 2285 158 2286 737 2236 379 2123 309 2287 
37 1291 30 1292 75 123 1293 3 171 393 1294 396 117 632 1295 117 356 173 400 117 148 
37 1291 30 1292 75 123 1293 3 171 393 1294 396 117 632 1295 117 356 173 400 117 148 
719 7 2288 2289 67 619 54 2290 2291 2292 1190 0 2293 197 4 2294 1176 
2295 2296 2297 35 30 90 145 52 0 2298 143 
2299 869 190 197 25 1659 0 56 2300 
37 1291 30 1292 75 123 1293 3 171 393 1294 396 117 632 1295 117 356 173 400 117 148 
37 2301 100 1490 35 54 2302 
2303 2304 96 2078 2305 7 949 0 2306 45 1190 127 92 7 315 346 72 81 54 269 35 45 1190 90 2307 
2308 2309 173 2280 445 3 197 25 1981 117 2310 7 1438 377 2311 2280 390 0 586 2312 
764 503 72 0 836 117 144 1048 7 71 2313 2314 
7 313 30 137 2315 530 2215 2316 2317 7 2318 2319 2320 2321 100 4 2322 482 2323 
37 2324 7 313 30 137 2315 530 2215 2316 2317 7 2318 2319 2320 2321 100 4 2322 482 2323 
37 2325 2326 14 81 2327 
164 1427 144 594 2030 345 117 214 173 0 2328 1403 1988 
2329 2330 45 0 680 42 264 2331 2332 689 1199 54 2333 
219 618 72 358 2334 30 599 2335 
214 895 2 1108 1727 365 81 2336 54 2337 35 30 131 89 486 2338 72 2339 365 81 2340 72 148 2341 
0 27 14 2342 162 2343 2344 94 1993 94 2345 2346 173 353 2347 3 171 54 509 2348 7 15 2349 2350 75 2351 2351 
190 7 644 630 2352 76 857 0 152 198 7 1711 7 296 2353 65 2354 
619 2355 1757 72 3 89 7 87 2356 1174 1560 3 716 380 313 30 0 2357 716 30 2358 1174 1761 94 145 30 2359 2360 
7 71 54 2361 173 7 949 0 2362 357 2363 
0 117 2364 81 14 2365 2366 2367 302 2195 284 30 137 269 449 75 2368 2369 
2370 368 30 0 2371 264 30 368 72 2 52 1931 75 602 30 90 173 368 2372 94 797 2373 390 2358 583 2374 2375 
662 54 2313 2376 81 356 173 0 449 2377 869 
61 313 65 59 719 30 510 528 25 149 0 2378 
2379 840 0 268 14 745 
89 7 87 75 2380 2381 149 311 2382 357 2383 30 269 226 541 299 2384 65 2385 2386 2387 2336 1102 2388 
173 65 855 307 510 35 181 2389 2390 2391 0 2392 72 110 4 2393 117 152 2394 
0 1993 2395 269 117 42 357 219 1480 46 104 743 2396 
1157 2397 1181 4 2398 46 188 72 2399 30 2400 2401 
2402 0 2403 1720 124 2404 7 108 65 222 1160 264 2405 2406 355 
0 1615 311 510 72 152 198 1616 145 648 120 2407 
2408 2409 544 2410 0 619 2411 117 127 154 2412 
2413 56 2414 553 131 7 743 0 780 2415 582 583 896 24 
0 1615 311 510 72 152 198 1616 145 2416 2099 120 121 562 2417 2418 2419 2420 2421 
81 72 644 0 574 173 201 54 331 2422 
37 1291 30 1292 75 123 1293 3 171 393 1294 396 117 632 1295 117 356 173 400 117 148 
632 655 449 382 1993 129 655 269 449 530 2072 863 2423 2424 2425 173 7 672 0 87 2426 1211 2427 30 1784 
1940 1941 0 1615 311 510 72 152 198 1616 145 648 120 2428 
132 0 1615 311 510 72 152 198 1616 145 648 120 2429 
106 27 356 1183 1184 2430 2431 89 0 47 851 206 1188 843 14 2432 1918 28 15 2232 65 1733 2433 
37 2434 89 7 87 75 2380 2381 149 311 2382 357 2383 30 269 226 541 299 2384 65 2385 2386 2387 2336 2435 120 
597 1733 1978 1979 72 2436 2437 117 1802 75 1600 2438 
2439 2440 2441 0 2442 
37 2443 100 269 149 2444 
515 54 0 2445 2446 173 143 54 90 56 769 843 2447 
0 313 2448 2449 793 2450 
0 357 745 121 2451 2452 
766 0 799 117 61 325 1150 7 142 390 2448 
2453 0 357 1631 
197 264 0 400 2454 2455 2456 2457 
2458 2459 985 2460 2461 117 0 482 
2055 250 2056 1367 2462 2463 2464 355 
0 1615 311 510 72 152 198 1616 145 2416 2099 120 2465 
0 1615 311 510 72 152 198 1616 145 2416 2099 120 2466 
387 30 2467 2468 1842 30 2469 2470 683 931 
94 372 2471 72 2472 596 1499 2473 2094 65 2474 171 2475 683 931 
0 198 2476 2477 2478 2479 2480 
2481 2482 2483 296 110 2484 35 0 2485 558 2486 35 506 2487 505 2488 
1539 264 30 2489 117 164 144 2490 1156 2491 683 206 404 1587 2492 
2493 250 2494 238 239 240 162 241 242 173 243 110 75 244 145 247 355 
537 474 234 72 235 2424 955 2495 27 14 238 239 240 996 241 242 65 390 262 27 245 246 14 35 30 2496 
2497 474 2498 234 72 235 236 237 239 240 996 241 242 173 243 110 75 244 72 246 14 2064 462 
0 313 1854 3 281 130 2499 
2500 250 1328 2501 1388 30 11 117 14 2502 1207 
2503 250 2504 27 14 238 239 240 996 241 242 65 390 262 27 253 246 14 35 973 248 
298 2505 
2506 250 2507 190 256 149 240 72 257 117 14 2508 30 2509 238 239 240 996 241 242 173 243 110 75 2510 248 
319 940 0 7 672 162 269 313 18 13 14 2511 3 75 30 368 1573 1573 1573 
219 313 1659 374 54 2512 357 313 94 358 44 54 2513 11 780 2514 2404 109 110 2515 
2516 2517 72 2518 1181 521 1639 
2519 2520 0 
2521 1823 219 0 445 3 521 215 
298 449 2522 149 2523 2524 
2525 474 2526 234 72 235 236 237 238 239 240 996 241 242 190 256 149 240 72 257 117 14 2508 30 2527 248 
298 320 3 72 239 247 
2528 2529 0 2530 2256 1510 109 110 2531 173 2532 43 2189 
298 1475 239 143 145 2533 2534 
100 2535 171 928 1427 144 1428 264 404 2536 2537 503 72 2538 94 2539 2540 
2541 1181 0 2542 
2543 869 0 200 1762 30 1784 1727 
0 317 3 2544 664 117 311 2545 2546 
2547 2548 2549 44 313 0 2550 2551 1972 
1909 7 544 56 2552 1582 1901 89 7 1243 30 127 154 2553 743 214 357 358 
13 313 100 599 65 2554 
0 449 1109 357 54 331 332 1109 2403 
1909 197 503 72 379 190 56 285 488 186 2555 72 905 2556 747 171 789 2557 81 2558 2559 
298 250 54 2560 221 284 646 149 45 117 4 2561 2562 2563 
298 197 4 0 160 1176 313 760 4 0 2564 127 2565 535 357 2566 
2567 2568 173 2569 2570 2489 149 2571 117 514 2572 2573 2574 1667 
214 173 0 302 313 642 197 503 72 123 117 2575 2576 75 2577 2578 296 201 4 945 769 2579 
298 45 313 2580 2581 
37 2324 85 0 219 56 337 863 84 2582 521 7 2583 264 2584 2585 2462 14 142 
298 1160 646 2586 145 4 945 478 2587 173 776 2588 7 1074 2589 236 45 2590 89 7 709 72 2591 2592 
2493 1181 2593 1367 1402 162 241 242 173 30 1419 296 320 224 145 14 2076 237 248 
37 2594 30 2595 37 2596 45 313 30 2489 1455 0 404 1587 117 30 164 1427 144 2031 2156 120 
2427 2403 356 173 214 1299 448 2403 0 1299 269 2403 2597 2598 2599 313 555 1490 2600 357 2601 357 2602 
127 154 443 96 0 2603 2604 
2605 45 313 30 2489 1455 0 404 1587 117 30 164 1427 144 2031 2606 
89 296 0 110 2607 2608 2609 2276 
2610 45 313 30 2489 1455 0 404 1587 117 30 164 1427 144 2031 2611 
2612 2330 302 2613 309 7 2614 644 0 117 2615 
37 2616 37 2028 45 313 30 2489 1455 0 404 1587 117 30 164 1427 144 2031 2617 
2618 1928 7 2619 7 1052 72 713 1174 1074 657 3 2620 1174 445 2621 2622 313 0 663 630 747 
7 201 597 2623 281 89 7 235 2624 75 30 2625 357 2626 2627 336 14 528 1092 313 2628 2629 716 
87 65 2630 446 30 2631 171 164 1427 144 1428 264 100 2535 585 7 2632 75 72 244 2633 2634 7 619 2635 2636 2637 
1658 313 1659 145 54 90 10 1773 683 313 787 4 2638 1773 
2639 1054 863 766 0 357 745 7 40 30 198 74 
7 108 54 0 694 74 1710 72 110 2640 94 2345 2641 35 30 198 2642 173 2643 281 446 2644 
45 2645 569 0 743 762 693 2646 857 311 2647 177 2648 322 2649 
2650 30 2489 313 128 568 2620 2651 513 0 574 2652 818 3 214 747 482 
2653 2654 233 234 72 235 236 237 464 14 957 334 468 2655 464 959 240 2656 
0 72 1299 2657 72 2658 2659 2660 2661 
2662 840 83 313 0 355 
2663 474 2664 2665 72 2666 2667 354 72 30 400 2668 355 
1128 474 2669 302 943 2670 528 14 4 2671 2672 
2673 1181 117 30 2674 2675 528 14 2630 236 30 1312 171 30 144 1048 
2676 474 2677 47 25 854 1857 72 815 224 145 2678 257 630 2679 117 335 160 2030 461 355 
257 0 30 2680 1649 144 594 313 2681 75 2682 1302 302 1864 836 44 197 1490 94 35 2683 1302 94 2684 
2685 474 2686 387 14 815 224 117 335 152 2687 
37 1291 30 1292 75 123 1293 3 171 393 1294 396 117 632 1295 117 356 173 400 117 148 
37 2028 45 313 30 2489 1455 0 404 1587 117 30 164 1427 144 2031 2688 
2689 37 2690 542 171 2489 2691 383 1581 264 1802 2692 2693 
2694 121 30 2695 0 72 1299 2657 72 2658 2659 2660 2696 
0 72 1299 2657 72 2658 2659 2660 121 2694 2697 
2698 0 72 1299 2657 72 2658 2659 2660 121 2694 2699 931 
577 0 2342 219 515 35 54 152 198 143 46 857 198 75 2700 
2701 2702 2078 0 2703 197 2704 854 2705 371 2681 94 2706 2707 30 2708 
0 72 1299 2657 72 2658 2659 2660 121 2694 2709 
37 2710 2711 72 1299 2657 72 2658 2659 2712 2713 
2714 1427 144 1428 2489 1455 0 404 2536 84 2715 30 127 154 2489 787 45 2716 2717 
1323 2718 96 2719 2720 
0 72 1299 2657 72 2658 2659 2660 2721 
0 72 1299 2657 72 2658 2659 2722 30 2195 296 110 2034 2723 2724 2725 
0 72 1299 2657 72 2658 2659 2660 121 2694 2726 
2727 2689 37 2690 542 171 2489 2691 383 1581 264 1802 2692 2728 
2729 2189 149 1796 27 521 1156 311 90 75 2730 25 35 214 2731 2125 356 2030 2732 2733 30 1784 2734 
2735 2736 81 72 1613 789 380 30 90 313 2737 47 1830 632 0 357 2237 357 14 27 2738 72 1451 2739 264 2740 
30 2489 1455 2741 0 117 1427 144 594 313 2742 7 108 47 2743 583 583 2571 117 2744 2341 
2745 1659 145 100 269 2746 
1802 269 337 313 128 511 65 213 35 54 343 2747 2748 197 2749 
1481 1480 148 863 528 1854 3 281 
2750 2751 171 2489 2691 383 1581 264 1802 2692 2752 2753 
379 14 2754 171 2755 1977 477 3 1650 313 2756 117 1302 173 143 7 201 30 1650 117 1302 173 477 3 47 2756 117 2757 1668 
2758 117 30 1427 144 1428 264 0 404 2759 2745 162 2760 2761 2762 2763 
37 2764 2758 117 30 1427 144 1428 264 0 404 2759 2745 162 2760 2761 2762 2763 
0 313 787 4 1690 2194 2186 269 102 130 1017 2765 
2012 177 2013 2766 264 2767 2768 2769 264 2770 31 35 100 508 558 173 2771 
2772 313 45 35 358 
2773 0 2774 644 257 145 2621 2738 488 690 3 2775 2776 2777 7 84 15 2 336 2778 2779 2780 
2781 173 356 160 449 2782 2783 
7 315 2784 148 
381 1973 222 1918 2785 37 2786 2745 1659 145 0 269 1480 843 1918 2785 961 2787 
2788 30 0 152 2422 2562 
869 2789 135 0 2125 356 458 2623 145 789 120 
2790 30 2489 2791 135 30 2358 1420 30 2792 2336 1455 30 601 2793 2794 1802 2692 2691 
2795 420 274 143 7 2796 869 56 2797 54 90 28 619 0 778 
37 2028 45 313 30 2489 1455 0 404 1587 117 30 164 1427 144 2031 2688 
135 0 458 2571 117 30 164 1427 2798 106 401 2799 27 2118 
2800 177 2801 2802 0 2803 2804 2805 2806 2807 
1971 264 2808 400 2809 2596 2489 1455 0 404 1587 117 30 164 1427 144 2031 2810 
2811 655 127 154 106 130 313 30 2812 2813 0 2814 
2815 2816 264 558 2817 747 2818 148 
1971 2819 892 2820 117 928 929 683 2821 2489 96 2822 552 72 30 2823 1455 30 2824 
2825 2826 106 569 2827 897 2828 188 7 2829 863 0 2830 
4 2754 171 307 558 2831 92 30 542 171 30 1579 35 0 687 1566 
0 1481 2341 56 2832 120 
2833 148 
0 1481 56 2832 2834 2 2489 2835 2836 56 1109 1697 219 1554 619 892 2837 2838 843 850 2403 
557 75 72 2839 2840 117 0 759 72 857 14 173 7 2841 171 2842 2843 2844 
0 198 2476 2477 2478 2479 2845 
2846 2847 7 84 104 142 0 2848 627 203 7 477 1125 94 313 1720 2849 
2850 597 597 770 201 162 2851 2286 117 1836 211 110 75 2852 1732 0 447 313 204 35 627 
873 25 768 743 0 1173 873 2853 145 54 2854 146 120 
2855 869 747 264 0 2856 140 
2857 83 1643 2858 
2859 2860 7 108 2123 94 87 0 1109 264 390 2861 2529 
2862 0 313 1481 2863 
0 582 2 3 4 18 2864 117 45 2865 10 2866 
37 2764 2758 117 30 1427 144 1428 264 0 404 2759 2745 162 2760 2761 2762 2763 
30 2489 2867 171 30 311 1427 144 264 404 405 2868 106 228 0 313 
2869 2870 2871 2872 190 873 25 2873 1160 149 2874 35 0 
65 15 72 857 2875 2876 44 765 56 2877 44 619 2878 171 0 152 2879 558 154 416 2880 
2881 2882 353 81 4 0 694 224 74 43 
2883 184 2884 2885 2620 2886 4 2887 106 863 41 1207 143 0 619 521 
269 102 2888 367 0 173 7 28 81 72 201 54 10 96 54 1629 2889 
2890 148 7 2891 142 190 1160 30 1126 2575 357 30 269 302 313 1102 54 2892 2893 2894 
379 27 14 319 201 162 515 2895 30 778 313 2896 2194 2186 
1611 619 2897 173 2898 117 307 75 0 152 2899 2900 7 108 94 313 518 2901 24 
298 1790 2902 479 2903 2904 171 11 2905 173 30 471 1091 
0 10 11 313 149 4 2906 264 2907 
2908 2909 2910 7 1245 104 142 190 1190 0 296 2911 762 2912 117 3 24 
2913 2914 24 47 25 390 103 2915 47 518 2916 2917 24 44 2918 863 28 619 358 
1070 0 10 
768 437 0 173 2919 789 869 
37 2764 2758 117 30 1427 144 1428 264 0 404 2759 2745 162 2760 2761 2762 2763 
13 0 30 57 65 2920 
37 2921 13 0 30 57 65 2920 
2922 940 10 864 35 281 2923 1070 863 940 0 143 219 2924 28 619 1747 145 10 484 
2925 35 1631 47 25 323 35 0 2926 511 512 313 2484 851 35 216 2562 
37 2927 14 911 703 2928 703 2929 843 14 911 437 222 437 2929 843 14 911 2930 222 2931 30 0 759 390 14 528 437 313 25 2932 120 
37 2927 14 911 703 2928 703 2929 843 14 911 437 222 437 2929 843 14 911 2930 222 2931 30 0 759 390 14 528 437 313 25 2932 120 
37 2927 14 911 703 2928 703 2929 843 14 911 437 222 437 2929 843 14 911 2930 222 2931 30 0 759 390 14 528 437 313 25 2932 120 
37 2927 14 911 703 2928 703 2929 843 14 911 437 222 437 2929 843 14 911 2930 222 2931 30 0 759 390 14 528 437 313 25 2932 120 
37 2927 14 911 703 2928 703 2929 843 14 911 437 222 437 2929 843 14 911 2930 222 2931 30 0 759 390 14 528 437 313 25 2932 120 
37 2927 14 911 703 2928 703 2929 843 14 911 437 222 437 2929 843 14 911 2930 222 2931 30 0 759 390 14 528 437 313 25 2932 120 
37 2927 14 911 703 2928 703 2929 843 14 911 437 222 437 2929 843 14 911 2930 222 2931 30 0 759 390 14 528 437 313 25 2932 120 
37 2927 14 911 703 2928 703 2929 843 14 911 437 222 437 2929 843 14 911 2930 222 2931 30 0 759 390 14 528 437 313 25 2932 120 
298 13 786 2933 2934 162 269 2935 2936 528 262 2937 117 2938 2939 
54 214 1397 2940 22 864 2941 71 72 35 281 2942 72 2943 2944 2550 760 313 54 0 2945 2946 701 143 
2947 0 2125 219 521 2948 
2949 7 15 30 144 2950 214 117 407 30 2951 1579 2952 81 2953 1971 72 0 173 306 2954 2955 
37 1021 2956 250 2957 1388 30 269 11 117 14 149 264 30 749 
2958 7 2959 30 2960 35 54 0 74 482 
2961 482 7 851 1795 171 2962 2963 135 427 510 528 35 868 
1496 200 56 898 2964 521 0 
2965 87 2966 212 30 2489 2967 2968 30 2969 214 2970 2079 2971 65 1340 2972 892 1142 0 854 2973 
868 13 14 56 2974 
2975 2976 2125 1992 2125 2977 4 2978 1102 1118 117 240 2979 2808 0 2980 2094 149 2981 710 2982 2983 
426 222 14 528 597 2984 843 14 40 7 743 30 2985 488 56 10 843 464 7 1539 149 7 315 96 30 0 1517 
37 2986 1481 0 1710 72 464 1658 145 762 2061 143 47 747 2987 2988 313 2989 
2990 7 1236 644 2991 7 1958 72 0 203 44 2992 30 2993 2994 2995 2996 88 869 
2997 0 1216 1201 10 2998 
2999 594 155 171 3000 173 135 3001 518 2705 0 3002 224 762 1427 144 1428 2821 1098 1339 264 3003 307 117 3004 
173 446 3005 851 3006 299 1378 446 868 630 171 1600 3007 3008 1461 171 3009 7 1902 173 3010 44 851 3011 
3012 72 1639 2331 1717 145 0 173 371 3013 240 458 135 117 804 3014 1971 30 568 2758 117 4 311 3015 
2975 3016 2557 14 149 72 110 3017 75 4 3018 3019 117 3020 3021 1152 
0 518 3022 18 3023 173 84 201 3 1339 35 30 3024 3025 226 2061 3026 72 3027 3028 0 3029 
37 2986 1481 0 1710 72 464 1658 145 762 2061 143 47 747 2987 2988 313 2989 
3030 37 3031 2997 80 3032 14 0 3033 
3034 184 3035 3036 1480 3037 1222 3038 3036 825 3039 171 0 3040 
0 1710 72 73 762 2444 197 2462 2623 281 173 47 851 1102 54 3041 2026 
65 3042 54 90 2376 81 334 3043 313 94 54 90 357 313 94 358 197 149 766 57 701 143 3044 
7 109 110 1723 72 28 264 2051 0 451 869 
3045 0 313 368 72 3046 3047 
420 0 619 1109 3048 
0 1662 313 1659 374 740 
87 0 1842 117 390 2281 3049 
37 3050 0 1993 
3051 7 766 148 740 3052 3053 44 270 7 854 3054 518 188 117 11 72 110 368 1744 
65 54 90 3055 171 3056 35 3057 25 104 26 190 94 313 0 357 54 312 143 7 619 72 460 264 1629 72 110 3058 72 30 3059 3060 
3061 7 1208 94 3062 7 3063 94 313 0 3064 2562 
336 337 3065 437 222 535 222 3066 222 0 222 3067 120 3068 
3069 420 197 25 26 236 1639 117 54 301 851 3070 24 
530 173 553 131 7 296 2489 117 3071 357 530 471 1581 171 4 312 205 0 3072 3073 
298 30 1098 264 2051 313 854 3074 46 201 54 164 144 1428 3075 7 201 3076 3077 3078 264 2684 404 35 3079 
3080 3081 2529 488 219 1859 863 857 264 358 3082 117 1159 3083 
3084 3085 3086 3087 3088 3089 3090 3091 3092 1802 
2286 72 433 630 30 3093 3094 3095 3096 2817 173 644 3097 2738 35 72 0 3098 3099 173 1539 117 335 3100 96 3101 3102 
72 813 145 632 357 16 72 3103 
0 313 128 3104 112 1253 57 200 8 9 3105 
37 3106 1146 379 201 162 515 3107 7 949 162 3108 7 895 464 
2133 447 1468 117 3109 3110 
37 3111 0 313 128 3104 112 1253 57 200 8 9 3105 
0 3112 264 3113 446 3114 3115 4 3116 3117 2114 54 144 3118 
3119 44 7 81 0 3120 24 
298 7 3121 30 160 226 11 117 369 1600 3122 281 173 35 117 592 4 1461 171 3123 3124 
3125 3126 3127 3128 3129 3130 482 7 857 264 0 
197 264 0 535 2456 3131 
3132 264 3133 0 72 201 144 3134 81 2001 3135 
264 3098 500 117 45 3136 3137 843 30 2758 117 0 173 356 528 1720 568 3138 
3139 390 0 2489 313 900 2836 214 3140 
3141 1013 302 3142 2991 214 357 358 
768 110 4 3143 44 175 365 110 346 72 879 955 3144 1971 3145 31 35 0 1131 2771 
3146 482 14 214 7 0 19 
3147 3148 2252 162 0 117 94 140 
3149 3150 1150 3151 7 104 619 4 307 3152 664 3153 281 96 0 2189 
286 2620 35 30 471 72 81 3154 3155 264 54 3156 54 10 81 72 850 1916 569 35 0 464 162 3157 
3158 1160 35 379 3159 510 528 307 96 3160 72 3161 
3162 3 264 0 206 3163 3164 
0 313 2304 72 2 2916 778 3165 212 3166 1190 3167 
0 269 10 313 1490 96 103 72 3168 2341 
30 2489 264 0 404 1587 3169 3170 117 164 1427 144 594 3171 
2242 747 3172 121 121 121 117 307 2817 0 92 1302 3173 561 3 197 75 1756 264 2533 315 3174 
37 3175 0 269 10 313 1490 96 103 72 3168 2341 
197 264 0 3163 3176 2456 3177 
37 1291 30 1292 75 123 1293 3 171 393 1294 396 117 632 1295 117 356 173 400 117 148 
3178 60 7 2052 3133 148 482 
3179 201 0 450 518 3180 3181 117 3182 3183 
3184 662 197 766 0 143 173 1160 2896 869 
37 1291 30 1292 75 123 1293 3 171 393 1294 396 117 632 1295 117 356 173 400 117 148 
3185 3186 1353 1363 7 3187 2891 1237 3188 416 0 2533 3189 35 136 3190 3191 3192 
3185 3186 1353 1363 120 264 366 197 3193 2533 0 594 3194 72 433 3195 335 3196 
368 264 3182 3197 786 4 3198 3199 765 553 3200 0 970 212 3201 212 1575 3202 144 3203 
3204 94 1019 24 0 3205 
3206 3207 143 264 0 
37 2764 2758 117 30 1427 144 1428 264 0 404 2759 2745 162 2760 2761 2762 2763 
0 236 240 3208 0 3209 1911 3210 3211 3212 4 120 3213 
0 236 240 3208 0 3209 1911 3210 3211 3212 4 120 3214 
719 13 3215 7 3216 0 2484 3217 3218 75 555 992 
2975 3219 56 3220 96 219 7 3221 356 173 0 84 3222 334 582 264 3223 269 227 
3224 3225 2391 1203 3226 3227 3228 911 857 0 152 980 61 3226 3224 3229 3230 3231 3232 3233 
3234 863 3235 3236 30 3237 169 170 3238 3239 544 117 4 18 3240 30 137 1419 3241 3242 31 35 0 2839 2771 
3243 1231 1823 3244 3245 7 2094 149 410 224 379 65 3246 290 478 3247 44 106 1733 3248 14 3249 
0 72 1299 2657 72 3250 2659 2660 1898 2694 3251 
190 371 864 3252 226 1384 269 121 308 448 121 3070 3253 121 3254 1620 683 2386 3255 
869 3256 2571 3257 117 164 1427 3258 426 3259 3260 0 173 3261 3262 30 553 694 760 1013 3263 
3264 3265 13 45 10 65 3266 224 1972 3267 484 3268 
37 3269 1692 632 0 416 356 1986 765 3270 164 1427 144 1428 383 528 224 206 3271 3272 120 
37 3273 1190 0 
1160 798 5 72 694 224 0 2344 3274 54 3275 3276 281 2462 
577 0 117 30 510 2052 14 3277 7 15 72 857 54 1145 
3278 0 709 716 3279 234 222 262 528 630 171 3280 89 262 2462 3281 3282 3283 482 
1802 334 2149 171 3284 269 778 75 3285 3286 3287 3288 3289 173 264 30 542 171 3290 3291 3292 3293 
3294 3295 489 3296 3297 2341 65 3298 747 3299 
3300 7 40 30 0 3301 747 3302 488 30 1437 2215 3303 2642 3304 876 1714 
1539 2537 4 88 3305 72 201 0 198 3306 530 2215 390 7 3307 224 117 87 291 449 488 3308 173 3309 3310 
37 3311 190 371 864 3252 226 1384 269 121 308 448 121 3070 3253 121 3254 1620 683 2386 3255 
0 72 1299 2657 72 2658 2659 2660 1898 2694 3312 
7 2288 3313 190 7 2288 857 1301 35 3314 35 0 2879 3315 307 357 7 81 72 3316 1122 3317 873 4 3318 3319 
190 851 54 0 357 61 619 307 3320 3321 
3322 190 14 81 558 3323 488 94 296 110 3324 504 264 3325 1823 219 7 142 117 0 
37 3326 190 851 54 0 357 61 619 307 3320 3321 
197 264 0 552 2456 3327 
3328 148 44 7 108 619 72 464 374 821 54 3329 149 25 18 44 1455 780 
492 493 555 495 496 3330 446 0 145 498 3331 
3332 302 0 14 3333 30 747 264 3334 747 27 3335 
420 3336 619 620 3337 30 11 3338 313 3339 7 200 3340 868 
3341 7 1251 3342 224 863 743 3343 356 214 357 0 
3344 558 3323 851 117 379 313 3345 3346 
37 3347 3344 558 3323 851 117 379 313 3345 3346 
37 3347 3344 558 3323 851 117 379 313 3345 3346 
644 356 214 0 815 173 3348 72 240 3349 
37 3350 3351 3352 3353 3354 90 3355 1160 4 703 96 3356 3357 860 3358 90 3359 
37 3350 3351 3352 3353 3354 90 3355 1160 4 703 96 3356 3357 860 3358 90 3359 
37 3350 3351 3352 3353 3354 90 3355 1160 4 703 96 3356 3357 860 3358 90 3359 
869 3360 3361 3121 30 0 799 3362 117 2621 76 
3363 3364 7 142 0 313 2220 3365 
37 3366 3363 3364 7 142 0 313 2220 3365 
3207 407 3367 75 168 44 766 0 3368 
0 3369 3370 3371 3372 392 54 3373 3374 
379 7 277 117 3375 25 117 4 3376 847 171 515 
3377 2916 10 313 1102 3 3378 
3379 173 106 464 7 857 94 428 0 3380 214 
3381 2072 7 87 149 1232 0 1280 835 1492 56 47 3382 
164 1427 144 594 2030 345 117 214 173 0 3383 1403 1988 
3384 854 103 7 84 81 4 148 184 
47 646 4 568 131 688 7 553 857 2868 96 0 3385 
796 3386 630 171 3387 3388 358 3388 
3389 390 131 7 2052 2664 54 3390 1649 851 0 760 18 869 
3391 72 100 400 769 3392 332 3393 3394 313 3395 716 24 
85 3396 3342 224 3397 0 3398 3399 3400 
3401 30 3402 1599 31 35 0 173 3403 175 3404 3405 355 
3406 1629 96 0 355 3407 
420 54 1002 7 28 3408 30 3409 1690 96 0 3410 3409 212 3411 173 3412 3413 
3414 3415 0 3304 356 3304 214 3416 
3417 3418 236 3418 3419 854 103 1599 56 0 687 3420 3421 3422 357 1658 2557 110 1733 3423 2562 
356 313 30 3424 391 2313 3425 214 173 0 528 25 2021 3426 3427 
1108 1203 3428 177 3429 222 3430 177 3431 222 7 857 3432 3433 177 3434 3435 2403 683 
3436 3437 87 1842 553 2907 3438 
390 3439 3440 89 14 15 72 857 2427 30 168 169 173 30 3441 3442 379 3442 3443 
37 3444 0 1538 201 3445 3446 
1575 688 448 3447 269 149 52 515 72 632 0 357 104 2237 
37 3448 0 1538 201 3445 3449 
85 3428 177 3429 302 558 309 61 357 0 3416 
3450 1150 843 2003 61 372 135 124 843 149 3451 558 173 3452 843 0 851 52 843 
2391 513 1108 528 1203 3445 35 3442 197 1203 3453 35 148 0 2209 1019 24 
3454 3455 7 3456 247 7 200 15 94 35 0 
786 3355 422 94 2391 3457 7 142 3458 25 3459 1245 2288 49 3460 313 662 1174 766 3461 269 8 317 3462 
37 3463 786 3355 422 94 2391 3457 7 142 3458 25 3459 1245 2288 49 3460 313 662 1174 766 3461 269 3464 120 
37 3463 786 3355 422 94 2391 3457 7 142 3458 25 3459 1245 2288 49 3460 313 662 1174 766 3461 269 3464 120 
37 3463 786 3355 422 94 2391 3457 7 142 3458 25 3459 1245 2288 49 3460 313 662 1174 766 3461 269 3464 120 
7 15 72 16 72 0 
2094 149 3465 72 0 222 214 128 3466 3467 3468 72 1649 487 222 2052 75 214 586 337 3469 515 222 825 3469 478 3470 
13 313 0 313 65 1918 1720 3471 
3472 0 3473 3474 1328 3475 
37 3476 7 677 0 72 61 1304 
0 795 390 54 76 313 4 3477 7 201 56 599 264 135 3478 3479 72 3480 3481 262 828 530 3482 30 3483 3484 
3485 0 24 7 1015 201 3486 143 3487 128 3488 3489 
3490 190 25 27 3491 863 2052 0 
577 3492 0 3493 2 3 54 3494 
7 2288 16 72 3495 1245 3496 
3497 54 0 3017 3498 3499 2562 3500 334 582 24 644 1064 961 2189 
298 380 173 89 7 27 201 2001 1427 144 3501 
2404 2038 433 72 777 52 3502 35 0 
0 3503 3504 152 198 3505 3506 989 1986 2682 3507 1934 1302 1171 121 3508 3509 
7 1568 0 1958 3346 357 1658 2341 
286 148 2427 54 269 173 57 528 56 204 3510 
0 269 787 4 3511 365 16 311 1047 3512 
37 3513 0 269 787 4 3511 365 16 311 1047 3512 
1477 0 3514 1468 117 127 3515 3516 
1940 1941 0 3503 3504 152 198 3505 3506 989 1986 2682 3507 1934 1302 1171 121 3508 3517 
132 0 3518 121 3519 3520 3521 3522 4 3523 120 3524 
286 313 1659 145 0 
3525 3526 1477 0 3514 1468 117 127 3515 121 3527 3528 3529 3530 3531 
390 553 3532 3533 87 1994 72 110 1300 44 87 3534 3535 0 313 3266 1250 3536 
3537 81 443 30 2642 375 96 0 
37 3538 214 18 3539 2169 7 677 2237 358 7 1074 1208 390 825 1091 3283 
3540 3541 3542 0 198 3543 2682 1717 171 3544 857 3545 3546 171 510 3547 3548 306 3549 3550 
3551 0 28 3552 3553 3554 
7 672 214 313 582 583 379 44 7 3555 3556 
54 3557 3558 30 0 1787 46 857 334 18 3559 
3560 0 3561 558 3562 
13 313 0 1442 762 226 3563 96 3564 72 3565 1446 798 3566 
0 3567 1650 3568 
3569 422 30 3570 904 331 332 264 3133 148 173 619 368 2061 65 94 7 206 3571 3572 
629 72 14 75 4 0 3573 3574 3575 3576 47 4 3577 117 3578 3579 3580 3581 
219 4 3582 3583 0 2945 1842 3584 3585 74 1842 3586 3587 3588 1842 2745 3589 
100 11 313 3590 272 7 81 72 188 3591 117 4 3592 72 3593 65 1733 117 448 449 54 2906 
3594 0 37 3595 0 319 1249 1250 873 75 3596 3597 173 1160 3598 3287 3599 2336 3600 54 3601 
3602 0 313 3603 3604 1395 3605 44 28 390 1289 226 331 332 313 3603 
0 11 272 843 13 46 94 110 149 214 24 
37 3606 0 11 272 843 13 46 94 110 149 214 24 
3607 149 148 3608 213 3609 
37 3606 0 11 272 843 13 46 94 110 149 214 24 
37 3610 0 13 14 56 448 3611 
0 3612 3613 446 2467 1201 106 569 56 337 
264 0 72 3614 54 3615 3616 205 3617 3618 612 3619 3620 
544 486 1680 201 544 173 518 3621 3 582 2341 1190 0 985 
3622 1851 143 503 72 0 552 
37 3623 37 3624 2745 145 100 11 512 
0 28 81 72 815 825 72 201 89 94 313 323 719 
13 313 3625 3626 446 0 3627 
0 10 65 850 7 8 104 788 762 2680 
2745 145 379 56 337 688 518 143 
315 7 30 851 747 2260 309 0 111 309 2341 
13 0 313 65 3628 3629 
313 760 1658 1659 145 358 10 65 3630 
7 84 3631 1087 0 1922 313 2358 1733 478 3632 583 2991 44 13 0 27 360 54 3199 65 3633 
0 3634 446 3635 356 313 3636 47 149 3637 2971 3638 3639 
13 0 56 599 264 135 3640 873 65 3641 
0 269 582 110 18 843 
869 1156 25 3642 961 1156 3643 1156 3644 84 1649 65 3645 1156 504 7 3646 3647 106 3648 7 3649 75 3650 264 0 3342 224 377 72 201 1972 
154 3651 72 3652 75 173 197 765 2571 264 30 0 336 337 72 201 54 127 1390 86 
0 989 121 3653 3654 
65 567 2623 281 145 148 54 90 479 646 1842 688 3655 709 789 72 2591 173 371 1761 1160 3656 1727 
1190 868 56 599 688 45 3657 
3658 25 18 747 3659 0 1280 3660 
3661 3662 3663 3664 825 2888 3665 3666 3667 3668 433 120 3669 0 120 3670 3671 3672 3673 0 2125 371 1649 7 81 3674 3675 
2220 383 1922 145 148 3676 
298 250 222 219 313 30 2030 301 117 1427 3677 143 3678 
3679 3680 72 0 143 72 257 190 760 313 127 3681 3682 3683 
3684 1298 3685 843 3686 3687 379 3688 357 356 3689 488 
3690 3691 3692 145 3 390 0 449 3693 
3694 0 3695 599 1870 3696 3697 3698 843 1160 3699 111 264 3700 843 3701 843 747 171 45 2576 3702 1216 3703 843 3704 3705 521 
106 1733 72 201 4 1427 144 1428 75 123 428 3706 3707 1802 3708 3709 2691 
3710 0 152 3711 3712 434 1160 25 3713 30 3714 171 30 514 3715 94 3716 
3717 35 379 135 510 528 3718 190 14 1016 2462 2656 857 3719 1343 1466 1 264 3720 558 3721 
3722 222 7 1328 54 0 152 198 843 
0 313 65 3723 3724 
0 3725 825 3726 3727 
313 94 518 3 357 313 0 407 3728 2562 
7 1328 407 0 3729 3730 
37 3731 7 1328 407 0 3729 3730 
65 786 54 146 3732 768 16 72 905 84 15 72 743 0 3733 
0 313 1733 582 
777 1693 205 3734 3618 612 3619 3735 
2745 3736 3737 162 11 1019 2207 353 407 3738 145 162 3739 
2040 264 0 843 3740 843 269 3741 2412 
37 3742 2745 3736 3737 162 11 1019 2207 353 407 3738 145 162 3739 
298 250 1599 4 3743 75 162 509 694 72 2344 766 3744 30 3745 3746 464 25 2052 264 833 56 3747 56 3748 
54 2337 1481 8 857 3749 222 486 895 2557 16 30 0 72 30 150 152 1972 843 
30 513 3605 3750 104 3751 72 437 0 72 1251 1393 54 2337 35 703 173 2587 212 3510 47 1490 3752 
3753 7 142 3754 1239 3301 3755 3756 30 0 558 3757 287 747 145 2972 892 
2905 1958 3758 3759 173 3760 446 0 552 488 93 45 2664 3761 72 518 3762 747 171 3763 3764 
37 3765 730 72 557 75 72 0 558 3766 3767 264 3768 1 72 561 30 573 3769 3770 3771 
37 2616 37 2028 45 313 30 2489 1455 0 404 1587 117 30 164 1427 144 2031 2617 
3772 7 108 823 1599 854 855 1108 766 214 173 3773 148 54 269 3774 3775 35 3776 3777 3778 
0 11 518 1019 112 577 367 3779 117 577 3780 490 275 72 30 2774 1308 3781 
278 3782 3783 171 30 471 3526 3784 7 15 72 142 619 0 3785 3786 
0 989 121 2451 3787 
3788 7 56 3789 558 46 857 54 3790 3791 2860 3792 7 81 61 3793 302 1019 56 0 3794 
3795 420 188 14 27 644 201 94 264 164 2013 3099 3796 3797 2652 117 3798 30 90 2644 
379 2330 13 464 14 2 3 65 1733 3799 135 7 15 72 464 313 317 52 703 3800 
3332 85 891 188 117 1916 7 500 117 0 72 1739 56 112 1784 1651 
1070 14 0 13 528 14 2260 35 3801 3532 3802 
2745 1659 145 358 3236 269 149 3803 3804 
3805 0 173 214 3545 3806 2562 
3807 143 1203 30 311 1343 171 30 2519 3808 3809 558 3810 309 558 154 313 94 1822 357 0 1822 
0 3811 11 272 3812 3813 3814 3815 
3816 148 3817 
3818 14 619 0 3248 644 857 3819 
3820 0 694 224 74 27 41 1145 869 
3821 7 1203 35 0 152 3822 371 944 30 3823 3824 143 1211 1030 1971 4 3825 
3826 190 135 632 0 416 356 3827 299 72 110 620 281 630 171 3828 7 3555 47 3829 3830 
37 3831 190 135 632 0 416 356 3827 299 72 110 620 281 630 171 3828 7 3555 47 3829 3832 
3833 7 2970 72 1739 44 7 3834 857 198 1156 488 262 2252 0 490 
3835 359 2189 214 313 2265 7 766 0 270 27 201 383 190 3836 
358 3837 358 3837 
298 3838 171 748 3839 72 54 3483 2103 3840 30 513 1461 390 7 15 72 1593 460 75 30 1784 3841 313 94 3842 
3843 14 949 3844 0 152 3845 162 3846 43 
869 511 512 264 45 131 35 558 2840 264 0 152 198 2899 
89 2557 448 110 323 3847 358 3848 
37 3849 89 2557 448 110 323 3847 358 3848 
3850 3851 3542 0 3852 3853 3854 3855 117 3856 3857 145 4 3858 3859 3860 3861 
3862 14 257 640 1418 14 1490 302 3863 
173 0 152 74 3864 
3865 2993 7 3866 7 0 622 89 488 619 1480 3867 
420 54 1002 1481 1070 148 
313 54 0 10 30 851 747 1823 3868 
420 65 100 10 313 3869 
0 313 3870 3 2517 117 3871 171 117 226 3872 3873 186 477 14 3874 1599 1658 437 3875 798 3876 3 2341 
3877 7 3307 35 0 416 30 3878 880 7 3879 299 3880 197 236 72 1539 117 4 3801 806 264 30 3881 869 
83 3882 37 3883 313 54 0 10 30 851 747 1823 3868 
37 3883 313 54 0 10 30 851 747 1823 3868 
484 2745 1659 145 54 3884 7 8 9 72 1459 71 72 437 0 3885 24 689 
1070 0 173 762 577 10 11 
0 269 1710 72 2336 577 224 780 
3886 93 4 1736 1136 0 3887 53 96 3888 121 3889 25 26 190 1160 3890 357 3891 2651 797 149 627 2562 
0 57 3892 10 3893 296 110 1842 96 3888 1166 3894 3895 3896 
37 3883 0 57 3892 10 3893 296 110 1842 96 3888 1166 3894 3895 3896 
3897 30 2448 149 3898 3899 3900 2003 7 108 0 619 52 53 3252 680 96 3888 72 3894 24 
683 1016 479 4 18 1070 2905 3532 1823 13 262 81 3901 1727 2341 
37 3883 0 57 3892 10 3893 296 110 1842 96 3888 1166 3894 3895 3896 
37 3883 313 54 0 10 30 851 747 1823 3868 
3902 528 863 766 358 
37 3883 0 57 3892 10 3893 296 110 1842 96 3888 1166 3894 3895 3896 
719 197 4 0 759 24 
